Genes	B	CD4	CD8	Mono	Neu	NK
ABCB1	15.2239215464989	6.33054222947164	42.7138753559832	0.078511318623505	0	36.0528043900628
ABCB4	89.1923229735099	0	0	0.336170613309667	0	0.951958980627485
ABCC3	0	0	0	21.5631973909091	0	0.455706678016801
ABCC6	0	0	0	16.8024914734357	2.21002716330847	0
ABCD2	0.680198844795629	117.323237182781	116.07254573455	0.35596055957	0	7.8183999679893
ABCG1	27.3807268159172	5.95333223197704	9.2464570330913	2.83145497307044	24.486850716662	0.455706678016801
ABHD14B	17.3751278519824	24.2355106764791	33.6413649501832	11.39073790624	0	14.8567282612107
ABHD15	53.7801576370885	23.7443287655812	94.0384353578222	24.204284158296	0.142924351216106	163.281237989911
ABI3	0.827387040570593	2.75812056387769	45.5976599280925	20.1437796655582	0.969526859095829	147.016844070056
ABLIM1	58.4971006524241	191.084618569827	68.3964898921388	0.672341226619334	1.0193630630155	64.5710281842935
ACCS	93.8674405817968	66.7334318734755	37.7853512764467	37.37585875485	0	19.332703792191
ACER1	0	5.28313781348248	2.27988299640462	0	0	0
ACOT2	37.329500837914	27.0032662646475	36.9639305965239	9.52141183494689	0	68.0447943025682
ACOT4	0	2.46106042970956	9.85704815907304	0	0	23.3935182697483
ACPP	0	0	0	8.25166877866241	16.8804040849925	0
ACSL1	0.906931793060838	0	0	5.49579230364535	43.8308704191435	0
ACSL6	0	109.943147256315	88.9154368597804	0	0	0.496252302610684
ACVR2A	7.66660350845681	36.8380131301984	22.7988299640462	27.7241109311689	0	47.1016967287636
ADAM19	55.4328687301466	1.36311715744493	4.10710339961377	5.6995302637141	22.9110791764826	0
ADAM28	288.009904924023	0.167204004602792	0	6.38724165288367	5.43300266874363	5.29659283034199
ADAMTS10	0.453465896530419	41.073034420482	28.7230367410921	1.64873769109361	0	60.4388272650324
ADAMTS17	0	23.4449365327496	11.3994149820231	1.4917150538466	0.768435750481963	6.46098474142298
ADAMTSL4	0	0	0	57.3132625951587	31.109832623192	0
ADAP2	2.66639291699386	0	0	30.4623916259199	0.458786567516551	0
ADARB1	62.1248278246674	15.6572861457249	25.4640410776054	1.34468245323867	0	9.06388312825805
ADCY3	173.315539604601	49.6457884620396	45.5976599280925	19.8829482435656	0.293978159752259	7.65621746961376
ADM	0	0.172235737735353	0	149.26213258902	463.005916876956	0
ADORA2B	0.22673294826521	0	0	12.7744833057673	0	0
ADTRP	0	27.7227715480013	0	0.404493567581491	0	0
AEBP1	24.0950395980071	13.38082110846	1.7705981552728	0.313393465182143	0	4.75979490313743
AFF3	277.680798949461	16.207293832262	0.821420679922754	3.6405398192444	0	0.496252302610684
AGAP1	0	0.427160602249249	7.08239262109121	0	0	4.80034052773131
AGMAT	6.12178960316066	39.3087540397052	15.3451840123643	0	0	1.94446358584885
AHNAK	21.6775404629495	6.06195356646018	206.998011340534	57.9777910586964	0	171.312070888353
AIF1	0.992864448684711	194.88784874593	45.1781373957514	134.699973312043	83.8459530623359	0.496252302610684
AK1	13.7721412994153	67.7582230550853	85.4277507119664	8.14823009473571	0	77.5335432917333
AK5	0	103.751067419015	6.09872697927298	0.863624504858555	0	15.0594563841801
AK8	6.57137443582012	0.0811744580346722	0	0	0	0
AKAP2	242.045625052708	17.1661654918259	22.7988299640462	1.29437941626077	0	38.1691552817713
AKAP5	1.09522907263669	0.795791334204995	3.28568271969101	0	0	98.791301054805
AKAP6	47.3417357167401	6.31267174101377	1.57386502690916	0	0	0
AKR1B1	24.1012472739768	43.4292549936798	22.9997790378371	7.53708658785648	0	17.6315139539054
AKR1C1	0	7.43472458377709	0	0	0.640546012715373	0
AKR1C3	0	5.19648561426699	6.29546010763663	0.626786930364285	0.64245677632567	145.609178411411
ALCAM	16.8708730917837	2.90343404115669	4.92852407953652	5.71490042626434	13.7153497213678	0
ALDH18A1	5.29527705965179	21.7730014057498	47.8061501923657	3.69787674640634	0	42.2608105764384
ALDH1B1	1.8202514892553	10.8722240289666	25.4640410776054	6.72099658937427	0	25.2877314235192
ALDH2	9.29605087887359	1.96661998205365	0.196733128363645	501.9043889937	13.412507814578	0
ALKBH8	8.84258498234317	14.9045919023469	12.5393564802254	9.41277717267067	0	9.3979529324932
ALOX5	286.976994326566	1.46560676179393	2.36079754036374	162.282819313694	416.44521410453	0.992504605221368
ALPK1	23.1267607230514	25.8062164268227	4.92852407953652	43.8750851255	422.353056837872	0.496252302610684
ALPL	0.496432224342356	0	0	0	66.9704752016953	0
AMIGO1	1.33319645849693	90.3379470326813	67.0859967720028	0.316640570206339	0	34.4424106084491
ANK3	14.2841757407082	137.253444883976	5.69970749101156	0.336170613309667	0	5.95502763132821
ANKEF1	6.2881415083365	10.2779947733696	12.5393564802254	0.078511318623505	0	12.4160123727512
ANKH	8.09113301340649	24.7162920441681	28.4985374550578	3.76072158218571	0	10.0158421088855
ANKRD22	0	0.594364606852041	0	5.6995302637141	15.7048451994229	0.496252302610684
ANKRD55	0	42.8768776674249	0	0.392556593117525	2.97466904019125	0
ANPEP	4.08119306877377	0.424110405335159	0	471.647370473463	1060.69021254849	0.496252302610684
ANXA1	0	201.859310500191	211.488112990918	182.146259206532	16.7464473986991	55.5476906806293
ANXA2	19.6918115655801	2.91587558239815	18.0712549583006	119.340567724932	0	7.53458059583211
ANXA3	0.22673294826521	0	0	0.313393465182143	157.06567703075	0
AP1S3	14.6651610434662	0.442989186686363	1.13994149820231	0	0.171976380076055	0
APBA2	0	65.7973230897235	16.4284135984551	0.313393465182143	0	17.7936964522809
APP	7.99917875098157	6.77736944404166	0.786932513454579	8.96132878583236	1.25039833016373	0
AQP3	0	24.7183222911885	9.85704815907304	0	0	0
AQP9	0	0	0	814.399546570703	598.736176230982	0.911413356033602
ARG1	0	0.361301176714788	0	0	38.6993715536801	0
ARHGAP10	0.330954816228237	5.44508425162612	22.9997790378371	7.83113231053999	0	22.350763232449
ARHGAP24	316.065729881702	0	0	75.9937368495213	23.1924241934925	0.496252302610684
ARHGAP42	8.43543654589187	0	0	0	0	2.40017026386565
ARHGEF10L	0.165477408114119	0	0	36.9804288914928	0	0
ARHGEF11	4.98812486183461	68.9543256523681	12.5393564802254	88.6593596577749	206.012272788567	1.3671200340504
ARHGEF4	0	2.34768203103039	4.92852407953652	0	0.65099848705923	0.455706678016801
ARHGEF40	7.70892024101712	2.87674036546245	1.64284135984551	66.0897997955137	293.551328699785	0
ARL11	27.9971256284355	1.00643067576852	0	39.8009700781321	102.276915859025	0.951958980627485
ARL4C	85.5518199949993	884.247905708247	1680.27376835021	154.203957690487	0.319687522075207	2901.92897799529
ARRB1	0.165477408114119	4.99269907293399	1.64284135984551	32.6830802605845	33.6579510824896	18.6240185591268
ASCL2	0.453465896530419	0.446212532240679	10.2594734838208	17.7980279785	5.62285768127471	96.1672666583442
ASGR2	0	0	0	6.38724165288367	0	0
ASIC3	4.4678900190812	4.51276945128211	1.13994149820231	0.336170613309667	0	0
ATF3	11.7488959761024	0	0	30.7141353100149	0.301146132064022	0
ATIC	29.9287491710077	70.7167207962661	68.1779164335885	10.08511839929	0	46.4838075523712
ATOH8	0	0	0	15.0428863287429	5.69800398442411	0
ATP10A	0	25.3089656993202	10.6784688389958	1.80576032834062	0	29.1458177781071
ATP2B4	0.344303532485383	21.1330805216623	87.7754953615781	13.16252553765	38.0188389084926	127.937118832912
ATP6V0E2	27.3037723388296	145.921278953791	124.253623304052	14.8821067996979	0	75.9134447026355
ATP8B4	0	0.167204004602792	1.64284135984551	22.4814804846501	30.8315695172042	54.7173685737835
ATP9A	1.09522907263669	0.0960915898910879	3.28568271969101	0	2.43069579718996	24.4362733070476
ATRN	16.7782381716255	25.8468144751614	11.4998895189186	34.7866746352178	0.293016674743976	13.7831324068016
AUTS2	33.9521012517373	1.82266060467251	30.2969017680013	0.711921119139999	0	66.272218022579
AVPI1	8.43934781382004	12.9234072375807	26.2854617575281	25.9645267569198	0.142924351216106	34.5640474822307
AXIN2	2.31668371359766	31.264688326836	6.83964898921387	0	0	0.951958980627485
AZU1	0	0.0855835385198669	0	4.27152671484	8.10505332750993	0
B3GALT2	0	0.594364606852041	11.4998895189186	0	0	0
B3GAT1	0	0.0855835385198669	2.75426379709103	0	0	15.4437766204933
B3GNT5	0	0.344471475470705	0	68.006381944525	183.743492061144	0
B3GNT7	20.8501534223789	0.181675128410955	4.92852407953652	0.316640570206339	0	287.501316956985
BAALC	0	0	0	0	0	8.15246977222445
BACE2	3.17426127571293	0.167204004602792	0	0	0	0
BACH2	87.9695525500152	39.3288844937913	9.03562747915029	0.0808987135162982	0	9.89420523510389
BANK1	1026.19667857268	0.359387184384968	0	3.48304627226973	0	1.44821128323817
BASP1	67.9999476658631	0.636485089244369	0	116.840370406139	1972.4822134563	0.455706678016801
BATF3	0.22673294826521	0.680400164148709	1.13994149820231	32.2795269137607	2.03108325497782	0
BCAT1	0.453465896530419	0.26803071006041	0	5.32078896658797	0.281497734596213	0.951958980627485
BCL11A	15.6445734302995	0	0	4.37021797302567	1.38346327394294	0
BCL11B	0	273.448856475632	165.255827825462	1.008511839929	0	55.8720556773804
BCL7A	180.252693870842	8.82620139791062	5.69970749101156	2.193754256275	0	0
BEND5	46.3336742719532	19.8960303830069	3.28568271969101	0.711921119139999	0	2.81533131728857
BEND7	0	0	0	1.77980279785	15.6983312767398	0
BEST1	0	0	0	2.53312456165071	31.0273515767149	0
BEX2	29.7822555599856	19.6423465165669	18.239063971237	0.15702263724701	0	17.428785830936
BIN1	48.3194031693226	161.37332614842	159.591809748324	15.6943504221618	0	189.430132337385
BIVM	2.72079537918251	14.5052226172324	36.3956287472743	3.5596055957	0	35.5565520874521
BLK	507.655071165804	3.33075085060559	9.63992328981859	0.161797427032596	0	1.40766565864429
BLMH	3.40099422397814	27.6982485499022	31.2139858370646	6.72099658937427	0	17.7531508276871
BLNK	39.4515329981465	0	0	0.626786930364285	0	0
BMP6	1.33319645849693	0.401636991687911	0	2.21648399144437	14.5866491322282	0
BMS1	49.2853082686509	63.6261127088939	67.2565483939364	28.518805331575	0.142449711915099	61.7962424915988
BNC2	0	0	0.786932513454579	0	0	41.2991467883268
BOK	0	0	0	0	0	97.1694760710496
BST1	0	0.622682778878847	0.821420679922754	149.26213258902	187.666848020048	0
BTBD19	0	2.46810107453324	0.821420679922754	29.90068700388	19.1601151988673	0
BTK	375.46300217531	1.49869936112483	0	395.1162211227	118.236776357978	1.44821128323817
BTLA	118.150869393481	17.6650793997125	20.5189469676416	0	2.28775110446599	0.455706678016801
BTNL8	0	0	0	0	176.06137992733	0
BTNL9	8.95189184461995	0	0	0	0	0.496252302610684
C12orf29	17.5406052600966	33.044978435571	32.0354065169874	4.70090197773214	0	16.6795549732779
C19orf48	44.7594592230997	48.8140363292846	38.6067719563694	11.2449211787654	0	31.1713726131437
C1orf21	0	0.709906027378355	44.4577184298902	7.28273311474579	0	177.632009141027
C1orf52	68.4733503760933	41.9410051296018	0	36.6425968507537	29.9720236196636	0
C1orf54	1.58713063785647	5.37585039819773	1.37713189854551	14.2821177524203	0	0.911413356033602
C1QA	0	0	0	13.1619516541913	0	0
C1QB	0	0	0	9.24137031038962	0	0
C2	0.827387040570593	0.365487578213147	0	4.48066439291618	0	0
C20orf194	13.4278377669299	11.4816595395923	18.8926756382233	41.3679374040428	0	8.11192414763057
C20orf27	9.29605087887359	6.59355448463209	13.9641515586868	35.0051905696577	0.300156998566504	11.7981231963589
C22orf24	12.2453282004448	1.75757258455045	3.41982449460694	0	0	0.455706678016801
C2orf88	7.74682948092111	1.0763682596845	1.13994149820231	11.3990605274282	0.0707471650549755	0
C5AR1	1.09522907263669	0.45349516504085	0	494.553332368124	1641.34993946721	0.455706678016801
C5AR2	0.172151766242691	0.606733532196456	1.13994149820231	56.5977289716299	341.547617356309	5.29659283034199
CA4	0	0	0	0.560083049114523	112.557886618526	0
CACNA1E	0	0	0	0	13.0328341087918	0
CACNA2D3	0	0	0	27.8920184012107	0	0
CADM4	0.453465896530419	1.31003270437789	0.393466256727289	3.80223953526601	14.096781694759	0
CALHM2	0.680198844795629	4.3112589866145	24.6426203976826	51.61428113765	0	46.3621706785896
CAMK1	0.906931793060838	1.15130578522265	1.64284135984551	85.0511651673457	0.620509832615485	15.0691611916642
CAMK2D	72.475893588173	18.5356316161275	16.9190490392734	43.4064363063755	0	14.2793847094123
CAMK4	1.09522907263669	169.587831632935	55.8566062347472	0	0	0.951958980627485
CAMKK1	4.13164238982459	1.59158266840999	0	5.042559199645	12.786792080678	0
CAMP	0	0	0	6.44095506481701	135.59869171766	0
CAPN2	65.2990891003804	245.588900597669	504.227007996021	381.868527668845	0.183617297483892	379.28340414102
CAPNS2	0	0	0	5.69536895311999	21.5411265519073	0
CARD11	35.5970728776379	31.754832352929	46.820978755597	0.672341226619334	0	64.5807329917775
CARNS1	17.523665162187	8.40504256219829	9.63992328981859	0.078511318623505	0	19.5759775397543
CASS4	0.453465896530419	38.3761525553056	38.7580109388786	19.1170013761107	280.194655584653	20.3252083974123
CATSPER1	0	0	0	47.0469761256199	1.46966532664968	71.5379700358112
CBFA2T3	8.61585203407796	0.192400518374084	0	12.81458014452	22.0912869789097	0
CBR3	6.34852255142587	31.5172663448879	9.1195319856185	0.626786930364285	0	3.84838154710382
CCDC102A	9.74951677540401	17.2778344221954	45.8388189087292	0.15702263724701	0	108.158413170188
CCDC112	4.38091629054675	7.18842766075831	18.8926756382233	8.89901398924999	8.27230128559719	0
CCDC144A	0	6.38121916042127	8.21420679922753	8.96132878583237	4.91189236182625	3.84838154710382
CCDC149	0	0	0	18.86590965721	1.30371722261173	0.455706678016801
CCDC170	0.22673294826521	0	0	28.0041524557261	17.9187041878426	0
CCDC50	59.6307653937501	1.41579816603726	2.16406441200009	10.1932379030536	0	8.15246977222445
CCDC6	83.4006136895158	59.8085040121836	62.6967824011272	73.9608577829857	0.143405093720248	54.879551072159
CCDC65	0	88.2894910577783	94.4633781911167	0	0	112.624683893685
CCDC89	0	2.0231453938158	11.2137883167277	0	0	11.3829621429359
CCL20	0	0	0.590199385090934	587.527118521134	0	0
CCL28	29.4379520275002	38.0695971047656	25.0787129604509	0.626786930364285	0	41.1775099145452
CCL3	3.97145779473884	0	8.21420679922753	10072.6531788338	9.54179930888858	449.906508031483
CCL3L1	2.19045814527337	0.516862998378824	8.21420679922753	6801.75608860236	49.5786384843409	131.459408988607
CCL5	0	2.91520499654007	237.390576497676	3.1404527449402	0	207.212397587525
CCNJL	0	0	0	0	92.6762612205306	25.5504147860507
CCR1	0.344303532485383	0	15.6069929185323	306.665210543411	358.809854825896	9.89420523510389
CCR3	0	0	1.64284135984551	0.949921710619017	126.433131985379	0
CCR4	0	17.7552325554557	192.650113196191	1.68085306654833	0	0
CCR5	0	1.28596159282485	230.819211058294	11.5955582117393	0.202146472920184	8.31465227059998
CCR7	303.816521297522	1141.44133672424	166.23949346728	2.66938483319917	0	1.90391796125497
CCR8	0	1.68628364052222	12.5393564802254	0	0	0
CCR9	1.98572889736942	0.801888493390708	5.74994475945928	0	0	0
CD101	0	11.9331286884895	7.39278611930478	85.4929539557115	1.46612433590895	0.496252302610684
CD160	0	0	23.9387714622486	0	0	124.017350844105
CD163	0.860758831213457	0	0	306.508071959736	0.463233591594082	0
CD180	70.7406798587454	0	0	25.8875883252154	0	0
CD19	35.3703399293727	0.349315883214298	0	0.62809054898804	0.510529924578676	0
CD1A	2.92658002612575	0	0	8.12120421216058	0	0
CD1C	9.06931793060838	0	0	28.2054118663928	0	0.496252302610684
CD1D	26.8073401144872	0	0	394.40430000356	8.73986986586329	0
CD2	0	684.453834470681	1295.38041223818	12.7744833057673	0.496398616719462	698.220503468338
CD200	42.3990613255942	3.41633438912546	0	0	0	0
CD22	282.304458242686	0	0	0.672341226619334	0.283937938821916	0.455706678016801
CD226	0	45.3552022155526	45.1781373957514	1.25357386072857	0	85.2206015784569
CD244	0	0.446212532240679	19.3790054694393	24.7580837493893	0	74.0500723659744
CD247	0	650.635479592083	661.023311301846	3.44732811700357	0.334190363515903	3005.43047708162
CD248	0.906931793060838	2.02236709403644	4.92852407953652	0	0	0
CD27	1.20506236369884	401.805892423305	558.722084552751	1.008511839929	0	7.24105641619085
CD28	0	492.429963456196	319.532644489951	1.34468245323867	0	0.496252302610684
CD300A	0	3.28821462949076	59.963709634361	4.74960855309508	23.6688258462127	309.63964725898
CD300C	0	0.0859188314489042	0	167.3014629979	0.650223255187686	32.9844945177268
CD300LF	0.827387040570593	0	0	29.1243185539552	68.7890410111262	0
CD302	1.33319645849693	4.45591468330177	4.10710339961377	359.462304563918	218.36900988272	5.25604720574811
CD33	0	0.162348916069344	0	336.02676823408	24.4180407258825	0
CD36	0	0	0	417.126702157432	0.546736554552333	0
CD3D	0	237.14007002172	453.42421531736	0.336170613309667	0	25.1872305593632
CD3E	0	234.519620298549	472.316890955583	0.566290994614087	0	155.518267637972
CD4	0.330954816228237	11.0265972708576	0	5.042559199645	0.675410302863387	0
CD40	97.4753874646652	0.628731569343682	1.13994149820231	1.68085306654833	0	0
CD6	3.99958937549078	194.954531470435	139.641515586868	0.0808987135162982	0	7.15996516700308
CD7	0	22.284712580369	55.0351855548245	7.11921119139999	12.4504967563966	181.053798432566
CD70	1.32381926491295	1.64533324962937	22.7988299640462	0.313393465182143	0	0.951958980627485
CD79A	295.211696075587	1.10500345445799	0	0.549579230364535	0.239513854455901	0.911413356033602
CD79B	346.34421518285	9.46258976228889	13.6792979784277	5.69536895311999	0	33.2374730727742
CD82	84.3326385930249	18.9039662777569	23.8211997177599	29.4471317199325	101.043018616383	0.455706678016801
CD83	320.902118282549	0.747712470352792	3.41982449460694	941.175633048613	3.59241455366165	7.94974164925503
CD86	2.94752832744772	0	1.64284135984551	74.2742512481678	0	0
CD93	0	1.24739737511374	1.64284135984551	807.674509664329	549.038141011396	37.2074914936597
CD96	26.6639291699386	223.964444827822	250.53330737644	0.808987135162982	0	208.873041801216
CDA	0	0	0	150.102257162692	384.41534879663	0
CDC42BPB	35.5970728776379	8.82539879731204	2.27988299640462	29.4589857271214	0	0
CDC42EP1	0.344303532485383	0	0	10.3615364086187	0	0
CDH23	0	8.66055714967591	9.44319016145494	21.2149182038247	25.388957808296	1.40766565864429
CDK14	153.06660250556	0.927545800008251	0	22.5643294931143	91.015673034602	0.496252302610684
CDK2AP1	0	0	0	19.631715352793	0	0.992504605221368
CEACAM1	0.906931793060838	2.18828034687322	0.786932513454579	0.323594854065193	29.9400074960015	0
CEACAM21	21.5120630548354	114.282199084631	44.6584201385473	0.313393465182143	0	37.4199244241132
CEACAM3	0	0	0	2.35319429316767	336.764778679561	0
CEACAM4	0	0	0	5.37872981295467	125.324157315906	0
CEBPD	1.09522907263669	0.174657941607149	13.3778527287278	464.923958207269	524.360554852784	177.388735393463
CELSR1	26.2854977432805	9.42739136195104	3.41982449460694	0.280041524557261	0	0.951958980627485
CERCAM	1.09522907263669	0	1.37713189854551	1.008511839929	0	22.4415592891208
CES1	0	0.182111878611506	11.3994149820231	24.7310653664041	0	2.9775138156641
CFP	4.38091629054675	60.7691287709865	2.27988299640462	1146.0799021711	534.442458201484	0
CHI3L1	0	0	0	0.280041524557261	475.663451837902	0
CHI3L2	15.6445734302995	13.0264142667432	19.3790054694393	0.566290994614087	0	20.396594839116
CHL1	16.8786956276401	0	0	0	0	0
CHN2	0	0.958913455154149	15.5419171407279	81.4823009473571	0	13.7020411576138
CHRFAM7A	2.4940624309173	0	0	13.2989039486662	1.96158568528363	5.29659283034199
CHST15	12.0168462580561	0	0	59.9288862552539	119.593247453179	0
CIITA	65.7525549969108	0	4.72159508072747	40.0459380116884	5.10098038755776	0.911413356033602
CLDN23	0	0	0	5.33940839354999	0	0
CLEC10A	0	0	0	41.0128148237794	0	0
CLEC4E	0	0	0	460.375000352568	218.890182876823	0.911413356033602
CLEC5A	0	0	0	8.71475636720906	1.58913084220736	0
CLEC7A	0	0.253856203818277	0	1054.63638148265	1170.09666295616	0.455706678016801
CLECL1	9.10125744627652	1.57593404563317	59.1422889544383	8.16517713684452	0	0.496252302610684
CLIC3	0	1.12113528632322	63.8367238993295	0.626786930364285	0	1401.90258149425
CLIC4	22.5049275035201	0	0	45.4650769961596	0.335622615191555	0
CLMN	25.4835208495743	0.171502369968771	0.393466256727289	43.6864778309328	0.254364462538868	0
CLU	1.33319645849693	10.4438486075231	31.9183619496647	19.9483559229994	0	2.35962463927177
CMSS1	41.3290902134048	28.0665472841314	26.2186544586532	2.50714772145714	0	11.6359406979833
CMTM2	0	0	0.983665641818223	26.221307838154	1793.0044916092	0.455706678016801
CMTM8	0	21.815446268645	2.27988299640462	1.34468245323867	1.05276972047254	0
CNR1	10.9522907263669	0	0	0	2.78635810563354	0.455706678016801
CNR2	124.604488309931	0.844681706678452	22.4275766334555	0.633281140412678	1.28102865665252	20.7712102679451
CNTNAP2	26.5113720013745	0	0	0	0	0
CNTNAP3	0.330954816228237	0	0	0.316640570206339	223.394678804551	0
COBLL1	380.283251630105	1.00801724195355	0	0.404493567581491	0	0
COL13A1	0	0	0	0	0.298284208031163	7.73730871880153
COL19A1	94.3391679009948	0	0	0	0	0
COL4A3	4.08119306877377	0.0811744580346722	0.786932513454579	0	0	0
COL5A3	0	0.352150585972519	27.9361042276375	0	0	1.3671200340504
COL6A2	0	8.58597754245786	45.9995580756742	0	0	8.7298133240229
COX6C	52.6218157802897	20.8954443840103	15.1484508840006	4.47514516153979	0	16.3860307936367
CPA5	0	17.0147135958683	23.9387714622486	0	0	0
CPNE5	38.7713341533508	0.523973824821447	1.13994149820231	0	0	0.455706678016801
CPNE7	0	0.394872337918838	9.1195319856185	0	0	0.496252302610684
CR2	18.420238987968	2.20226503118186	0.821420679922754	0	0	0
CREB5	0	0	0	10.6788167871	156.660262783261	0
CRISPLD2	0.165477408114119	0.51771309199317	0	17.4808718921027	49.7045798288943	0.455706678016801
CRKL	0	0	0	2.53312456165071	0.867616416327309	0
CRTAM	0	0.915933965013922	32.0354065169874	12.2966044544773	0	17.2666033325605
CRTAP	17.7060826682107	30.0599452079493	0.821420679922754	390.48825761695	13.3965036705068	1.3671200340504
CSF1R	0	0	0	36.66393763571	9.36241434812275	0
CSF3R	0.516455298728074	0.468374326883094	0	46.2295232501255	503.690862003599	0
CST3	0	3.10062917457592	2.27988299640462	447.226314717946	25.0904333219258	5.45877532871753
CSTA	2.19045814527337	0	0	1124.76914653871	437.846619540399	0.455706678016801
CTBP2	0	0.36335025682191	2.46426203976826	43.2482981951357	82.8414130170231	151.543070033114
CTSL	0	5.04621153709376	0	6.01617083392044	0	0
CTSW	0	2.00550503913966	23.4112422752737	0	0	47.1211063437317
CX3CR1	1.03291059745615	1.06983322005108	163.091763413461	133.819009632775	13.7826790019327	1696.74610929204
CXCL1	0	0	0	59.08945288862	693.380877301475	0
CXCL10	0	0	0	25.0714772145714	0	0
CXCL16	11.9987681264723	0.803753284816676	0	22.78147581248	69.897767959065	0
CXCL2	0.860758831213457	0	0	550.004670448411	5.51517802293792	0.911413356033602
CXCL3	0	0	0	144.704740584297	1.48437945972	0
CXCR1	0	0	2.27988299640462	3.31684725416823	2440.60692747517	95.3677853686081
CXCR2	0	0	0	0	258.153170602672	16.8919879037314
CXCR3	0.680198844795629	2.45801023279547	119.927419268722	0.35596055957	0	25.2066401743314
CXCR5	286.606870853653	5.45680627903846	13.5745858570915	0.672341226619334	1.45997324584447	1.40766565864429
CXCR6	0	2.22249506609576	328.568271969101	0.313393465182143	0	17.4596266480458
CYB5A	27.9971256284355	21.8970768408626	42.1778354334856	11.7157010976345	0	29.4199323427802
CYBB	365.705071932202	0.535858505577793	0	3841.80003831351	100.383755139432	2.40017026386565
CYBRD1	0	0	0	7.83113231053999	6.85192801652895	6.12691493718783
CYFIP1	2.41012472739768	2.88829234278859	5.7052607225457	39.5800712757924	0	1.44821128323817
CYP1B1	0	0	0	15.3097071315835	0.141968969410958	0
CYP27A1	0	0	0.196733128363645	14.4160993983786	20.4933413526079	0
CYP2U1	29.7822555599856	7.59326411161664	4.10710339961377	1.06788167871	0	2.40017026386565
CYP4F3	0	0	0	2.193754256275	278.396591487273	0
DAB2	0	0	0	1.88036079109286	0	21.560986750197
DAPK1	0.860758831213457	1.43564080209299	0	245.6127861033	61.2829432861321	2.85587694188246
DBN1	0	0.171502369968771	9.83665641818223	1.13258198922817	7.73728287422814	0
DCAF12	0	9.62513928852166	4.10710339961377	4.1163274126824	13.7855400697264	4.71924927854354
DCAF4	43.0241261096708	27.1236535176385	15.3451840123643	2.19831692145814	0	8.98279187907028
DEFA1	0	0	0	1.06788167871	239.339649367859	0
DEFA4	0	0	0	0	12.4344820623078	0
DENND5B	26.6418627063731	0	0	1.25357386072857	0	0
DERL3	22.1739726872919	1.0171250025018	0	0.940180395546428	0.130924668564202	0
DGAT2	0	0	0	10.4212890125997	157.743901827722	0
DGKG	0.661909632456474	0	0	12.5357386072857	11.6330349920733	0
DHRS3	0	64.6863808156238	36.1425099166012	1.56696732591071	0	41.9769912042812
DHRS9	0.330954816228237	0	0	3.92058134380166	69.6496733296954	0
DIRAS1	13.3319645849693	0	0	0	0.214146155572089	0
DKK3	0	0.169185540821263	9.1195319856185	0	0	0
DLEU7	0	0	0	18.153213118722	3.88405649068604	0
DLG3	7.70892024101712	17.9082420816942	59.1422889544383	0.280041524557261	0	34.807321229794
DMXL2	1.20506236369884	10.3001818856221	3.41982449460694	487.665966610899	177.566731604766	3.35212924449314
DNAAF1	0.165477408114119	0	1.64284135984551	68.7003879970099	0.5917019005752	2.40017026386565
DNAH14	0	0	0	4.034047359716	7.4555159459783	0.496252302610684
DNPH1	18.6188942348237	10.2099594136886	14.7855722386096	4.38750851255	0	1.90391796125497
DOCK4	0.22673294826521	0.29878074802775	0	8.46162355991785	55.63294916202	0
DOCK5	0	0.374295058393682	1.13994149820231	45.383032796805	428.935440484479	5.25604720574811
DOCK9	13.6039768959126	135.636931666418	109.248950429726	0.35596055957	1.65565331513641	69.0875493398676
DOK2	6.66598229248464	20.3377515889821	68.9993371135113	46.3822328469571	0	116.451929431163
DPH1	39.7670580020617	42.3300707554719	53.5772504155087	14.4553363723157	0	32.3260597167406
DPH5	51.628951331605	115.390390737208	118.433343274914	14.1027059331964	0.0712218043559825	59.5582547261086
DPH6	21.6911225465791	33.8924477590721	13.1427308787641	9.0606559138254	0	5.79284513295268
DPP4	0	18.824206279421	58.8232053807298	0.672341226619334	0	0
DPPA4	18.6188942348237	1.72343616327991	0	0.316640570206339	0	0
DPYSL2	1.33319645849693	1.27256466770101	4.91832820909112	13.4468245323867	0	2.81533131728857
DSC2	0	0	0	44.8152655210464	93.3378546845572	0
DSEL	1.72151766242691	5.34632224416736	9.63992328981859	0.280041524557261	0	0
DSP	18.5923907542107	0	0	0	0	0
DST	1.65477408114119	13.7374902897069	1.96733128363645	43.3797581182684	0	11.0083467141069
DSTN	0	28.1726289121997	37.7853512764467	28.4768447656	4.78724465198336	74.3938469776937
DTX1	38.3330175422841	6.56801664701423	2.46426203976826	0	0	2.40017026386565
DYSF	0	0	0	4.98344783398	38.9219080940793	0
E2F5	141.708092665756	2.67302997771202	1.13994149820231	0	0	6.08636931259394
EBF1	62.5504602671368	0.288272696656529	0	0.35596055957	0	0
ECHDC2	19.2723006025428	165.262047163136	64.8922337138975	5.69536895311999	0.142443608711965	40.3471878076993
ECHDC3	6.45361891645062	0.941141541402039	0	6.44095506481701	9.97380242611551	0
EDA	0	8.63810421329008	3.41982449460694	0.161797427032596	0	0
EDARADD	0	1.2702478385535	33.6782478768329	0	0	8.68926769942902
EEPD1	0	10.704048261144	16.7223159109098	20.0988975676173	66.817855307286	0
EFNA5	0	0	2.36079754036374	0	0.454965040295957	5.29659283034199
EGR1	5.47614536318344	0.510762604550645	1.13994149820231	862.492435838109	10.4116978518917	1.86337233666109
EGR2	3.44303532485383	0	0.786932513454579	35.2852320942149	4.41907469979399	4.22299697593286
EGR3	2.19045814527337	0.0859188314489042	0.821420679922754	37.37585875485	24.3290646193368	0
ELOVL3	0	0	0	5.06624912330142	0.285848702432213	0
ELOVL4	0	2.03264130975013	17.2498342783778	0	0	0.496252302610684
ELOVL6	0	1.22553154320757	9.03562747915029	0	0	11.5856902659054
ENDOD1	45.3408098232685	39.4488898766758	70.2337268258212	13.6155445188726	0.0707471650549755	90.5982856579866
ENDOG	7.1155285489071	24.1274906351013	38.7580109388786	22.1648399144437	0	58.7781830513408
ENG	1.72151766242691	0.938980003099136	2.46426203976826	8.12120421216058	0	1.8228267120672
ENPP5	0	0.958913455154149	9.03562747915029	0	0	28.5993150434184
ENTPD1	22.9000277747862	0.534517333861643	1.13994149820231	83.6507314989499	141.366186808176	0.496252302610684
EOMES	0	2.29631321173306	135.534412187254	0.323594854065193	0	207.851422773543
EPB41L3	0	0	0	14.2821177524203	0	0
EPHA1	0	58.8384062785915	15.9591809748324	0.35596055957	0.212241495164926	0
EPHX2	1.33319645849693	108.263156272619	17.2498342783778	0.633281140412678	0	0.455706678016801
EPPK1	0.22673294826521	20.272329212583	1.13994149820231	0	0.2911162357194	0
ERBB2	1.13366474132605	1.09414017343661	0.393466256727289	0.626786930364285	0.147711141999152	181.519209918067
EREG	1.09522907263669	0.264807259085709	0	359.387047184195	0.577926423159896	0.455706678016801
ESAM	20.6846760142648	0.634736036559499	0	0	0	0
ESM1	0	2.09667592570741	7.97959048741619	0	0	2.85587694188246
ETS2	0	0	0	28.4976513185705	11.0744476056182	0
EVA1B	0.344303532485383	2.96918500732153	23.9387714622486	45.20699106539	43.3366083765317	39.0708638303208
EVA1C	0.344303532485383	21.6993139503042	34.1982449460694	2.49172391699	0	26.2396904041467
EVI5	33.7832092915162	0.537097167342246	0.983665641818223	62.527734075598	34.7125996192318	2.93696819107022
F2RL1	0	7.09951806066901	5.69970749101156	28.2054118663928	187.740918629948	0
F3	0	0	0	17.08610685936	0.152445856567352	0
F5	0	13.3493870400697	0.196733128363645	57.9777910586964	65.9747015161368	0
FAAH2	1.72151766242691	68.8025272776195	21.6588884658439	0.672341226619334	0	0
FAM114A1	0.22673294826521	0.167093289483576	0	9.07660655936101	4.92598231856348	0
FAM124B	0.172151766242691	1.48268153651846	0	9.52141183494689	0.289205472109103	4.30408822512062
FAM153B	1.33319645849693	6.46234383946451	0	0	0	0
FAM169A	22.0084952791778	8.53107428729301	7.39278611930478	0	0	10.8867098403253
FAM171A1	0	2.26209849251052	5.74994475945928	0	0	0
FAM20C	0.330954816228237	0.0811744580346722	1.7705981552728	52.6025834777484	2.7162088451507	0
FAM3C	187.734881163593	18.8839322119543	19.6733128363645	7.92807392459722	0	20.7403694508353
FAM49A	41.0386636360029	0.182111878611506	9.1195319856185	97.0399898186522	92.1620517699118	28.2344044220735
FAR2	0.22673294826521	3.35157611190261	7.4758588778185	36.413665573729	98.0775792556118	0.496252302610684
FASLG	0	0.603359412421543	26.9524385858193	0	0	176.680050160399
FAT4	0	0	0	0	0	15.8086872418382
FBLN5	0.172151766242691	21.7965184039615	18.239063971237	0	0.0712218043559825	2.81533131728857
FBLN7	0	37.7704833436725	3.14773005381831	0.0808987135162982	0	0
FBXL16	1.09522907263669	21.6715324004209	21.05044473491	1.06788167871	0	0
FBXO2	4.96432224342356	15.316918568468	16.4284135984551	0	0	28.0625171162139
FCER1G	3.28568721791006	6.34121294955768	1.13994149820231	2850.38527203325	888.80919112349	1815.56153542552
FCER2	98.4708102908194	0	0	0.15702263724701	0.313470710186006	0
FCGR1A	0	0	0	147.237865145948	236.974905357805	0
FCGR1B	0	0	0	9.41277717267067	92.7399035807503	0
FCGR2A	4.4678900190812	0	0	197.429274812869	1635.7485975806	15.2815941221177
FCGR2B	18.5921017577472	0	1.57386502690916	8.89901398924999	12.2225274107167	2.31907901467789
FCGR3A	0	0	0.393466256727289	1.89984342123803	1047.00894628956	30.3815961308918
FCGR3B	0	0	1.13994149820231	4.74960855309508	943.390521998082	33.9461583058384
FCRL1	385.396883497782	0.0866521992154856	0	0.626786930364285	1.78960930520757	2.35962463927177
FCRL2	195.443801404611	0.0855835385198669	0	0.316640570206339	0.293978159752259	0.911413356033602
FCRL3	33.3299114624232	0.387389688748011	13.9641515586868	0	0	19.0797252371436
FCRL5	237.625558051874	0.0836020023013959	0	0.161797427032596	0	0
FCRLA	5.46075446776591	0	0	0	0	0
FDX1	27.6347271550578	42.3828685662908	67.2565483939364	33.2472598716656	0.318384373627789	48.6715448857834
FEZ1	0.661909632456474	0.101344579068331	7.86932513454579	1.96029067190083	0	32.6195838963819
FFAR1	103.843690305466	0	0	0	0.142449711915099	0
FFAR2	0	0	0	91.5735785302245	871.505100207907	0
FGD2	60.5376971868109	0	1.18039877018187	34.9617437842054	0	0
FGD4	0.992864448684711	0	0	5.60083049114523	10.6488688943272	0
FGD6	0.688607064970765	0.340508403033763	0	2.82054118663928	0.697688585426987	0.455706678016801
FGFBP2	0.906931793060838	3.44509340297239	485.615078234185	4.16109988704577	0.479039581482196	4830.8023272642
FGFRL1	9.85706165373019	13.8587726252883	11.4998895189186	7.84116268760332	0	8.60817645024125
FHIT	19.7141233074604	348.848692365842	9.03562747915029	3.08045677012987	0.142924351216106	16.9827839604033
FHL3	0.906931793060838	2.02085481820276	4.55976599280925	44.49506994625	56.4457163408271	60.1858487099851
FNIP2	0	3.43015815640257	1.64284135984551	4.07411504736786	0	5.79284513295268
FOLR3	0	0	0	56.476663036024	113.390019595893	0
FOSL2	0	8.87798340094272	13.9641515586868	34.52817427829	84.875853436533	35.8906218916873
FPR1	1.09522907263669	0	0	1258.32057807995	4536.9796475267	0
FPR2	0	0	0	200.885211181753	1491.82880324209	0
FPR3	0	0	0	15.4022838506494	0	0
FRMPD3	3.62772717224335	0	7.39278611930478	0	0	4.38517947430839
FUT8	11.706320104503	22.1669185999281	23.8211997177599	2.02246783790745	0	9.56013543086873
FXYD2	0	29.351948180392	79.0867176021852	1.17766977935258	0	0
FYN	60.2375989950178	286.144646951561	342.532423527788	99.4147412178278	0	174.948019505004
FZD1	0.906931793060838	0.179693592192484	0	27.05300252732	0.298284208031163	0
FZD2	0.453465896530419	0	0	10.0285908858286	0	0.951958980627485
G0S2	8.7618325810935	0.29878074802775	0	4790.28959449453	4096.91959931774	4.10136010215121
GADD45GIP1	38.3907586824755	55.4055882870921	81.3206473123526	34.0739122826012	0	80.7137852303668
GAL3ST4	0.906931793060838	9.54625192415807	0	0.313393465182143	1.18717437061127	0
GALNT12	8.61585203407796	47.6834489826671	32.8568271969101	0.808987135162982	0	29.0144760968414
GAPT	61.3270370908587	0	0	53.3940839354999	64.762595578013	0
GAS6	0	1.56446753745998	3.93466256727289	10.6415779331759	0	0
GAS7	1.15834185679883	0	2.46426203976826	139.773485471236	30.589871905375	10.9272554649191
GCA	8.77030263004828	5.51440346924746	2.27988299640462	67.9884668778699	523.799009566148	0
GCM1	6.57137443582012	0	0	0.15702263724701	10.6645039719554	0
GCNT2	11.7901133097909	0.872790523671092	1.64284135984551	6.38724165288367	0.202627215424325	0
GCNT4	0	79.6728360889895	26.7557054574557	0.336170613309667	0	1.44821128323817
GDF7	28.6275916037425	0.338371081642526	0	0	0	0
GFI1	0	3.57228803494042	18.0712549583006	0	0	14.2793847094123
GFPT2	0	0	5.74994475945928	0	0	1.44821128323817
GGACT	4.13693520285296	12.1505567582976	23.8211997177599	9.65689219069112	0	77.1994734874982
GH1	9.26673485439064	0.0836020023013959	0	0.316640570206339	0	0.455706678016801
GIMAP4	0.906931793060838	952.94800459661	1372.48956383558	336.905566699544	572.102687332077	1322.32127452365
GIMAP5	0.516455298728074	607.494239706441	841.1347762409	12.8491320724679	0.243198184432037	422.953606770761
GIMAP7	0	1026.03189728334	1103.16797313626	126.339587512329	0.142443608711965	1099.1608696002
GIMAP8	0.165477408114119	131.063129540288	143.632628773491	88.0260785173622	14.3824530319215	119.491124881046
GINS2	6.12178960316066	0.594364606852041	0	0	0	0
GIPR	0	4.5691901183214	10.2301226749095	0.242696140548895	0	5.71175388376491
GLB1L2	0.165477408114119	1.69080363553405	11.3994149820231	0	0	3.84838154710382
GLP1R	0	0	0	0	0	11.8289640134687
GLT1D1	0	0	0	1.77980279785	15.9064945321219	0
GNA12	26.2854977432805	1.35203879979159	0	6.05132951268999	0	0.496252302610684
GNA15	1.15834185679883	3.02043040924696	3.34446318218196	197.429274812869	19.8980144900772	0.455706678016801
GNB4	14.2841757407082	0	0	11.8921108868958	9.22320777450346	0.455706678016801
GNB5	137.998863152223	48.2301446574445	35.3210892366784	3.13393465182143	0.311216401316025	7.65621746961376
GNLY	0	0.937393939067464	18.239063971237	0.672341226619334	0	396.403781800858
GOLGA8A	62.5504602671368	162.611793993755	88.7134334316574	3.5596055957	0	26.0369622811773
GP9	0	0.330175573319502	0	14.3675713081014	0	0.911413356033602
GPA33	3.09873179236844	59.6134181004482	18.8863803229099	1.26656228082536	0	11.9197600701405
GPATCH4	23.9975362529447	34.9259157303892	20.6569784781827	2.017023679858	0	9.47904418168097
GPBAR1	0	0	0	84.7186131776599	0	0.496252302610684
GPR15	0	20.1319956021017	50.1574259209017	0	0	11.9603056947344
GPR162	0	0	0	14.7915069856253	9.53329280363486	0
GPR171	3.62772717224335	199.810214597365	362.501396428335	0.672341226619334	0.711187355119894	49.4921621851451
GPR174	141.284550370133	213.920493443249	369.639305965239	3.44732811700357	0	160.050745619199
GPR183	263.463685884173	1032.5356541333	405.663710685835	683.284005980364	0.496398616719462	12.1224881931099
GPR27	0	0.187263410517235	6.83964898921387	21.8510898651284	126.891175650239	0.496252302610684
GPR82	0	0	0	1.26656228082536	0.219413688859276	6.70425848898628
GPR84	0	0	0	46.2748727441	2.50407943116281	0
GPRASP1	18.8188347060124	67.2266624151183	19.3790054694393	0	0.141494330109951	6.50153036601686
GRAMD1C	15.9983575019631	1.18132164038452	1.13994149820231	0.711921119139999	60.0680898855504	0
GRAP2	13.3319645849693	123.436061188017	195.498121821615	18.7627821453365	0	78.243954919455
GRASP	916.08293131976	81.7958399904145	21.3569376779916	85.7864948563699	0.326060906195857	24.8417295529865
GRB10	0	7.94148861933422	0	8.7750170251	17.3405510022675	0
GREM2	0	3.54255402768683	2.27988299640462	0	0	1.40766565864429
GRIK4	0	0	0	0	0	12.6689909277986
GSPT2	35.7431201526496	28.5991782053928	31.4773005381831	5.37872981295467	0	44.7826177140857
GTSCR1	0	28.2605535776409	1.57386502690916	0	0	0
GZMA	0	58.2553223084769	3172.45718949704	7.2810796384888	0.243678926936179	6696.06780424486
GZMB	0	0.712697345510923	173.271107726751	2.13576335742	0	4235.68626432281
GZMH	0	2.08844136228143	335.14280047148	1.40020762278631	0	644.194136907308
GZMK	0	57.3179480266731	2118.42232621973	1.96029067190083	0	80.2695097544916
H1F0	0.680198844795629	15.4315391138981	1.18039877018187	105.977314706351	10.1273043317532	0.496252302610684
HAAO	0.330954816228237	0	0	5.32078896658797	0.470427484924388	0
HABP4	23.5847919752487	87.9069339040239	70.6421784733568	4.43296798288874	0.142449711915099	18.8364514895803
HAPLN3	2.19045814527337	73.9599568614541	22.7988299640462	0.672341226619334	0	0.951958980627485
HAVCR1	0	15.454963825944	2.36079754036374	0	0	1.48875690783205
HBEGF	2.66639291699386	2.04855151999458	1.13994149820231	134.132403097957	4.03635292970553	0
HBQ1	0	0	0	0	0	12.132193000594
HCAR3	0.344303532485383	0	0	153.249404474068	482.364263466211	0
HCK	10.4297156201996	0.169185540821263	0	250.381518332943	321.629651067138	0.455706678016801
HDX	8.38911908581275	2.57318537656205	2.55753066872738	19.4303948412928	0	15.2313436900398
HEG1	7.99917875098157	25.4856093338692	41.9041563414563	11.0824199572219	0	84.0253688502661
HENMT1	0	3.25397106262248	6.88565949272756	1.58320285103169	1.36684138638083	7.69676309420765
HES1	13.3772439476474	0.0836020023013959	0	34.3094462384717	2.46364309946506	0
HES4	1.09522907263669	0.857539539100643	0	2.84768447656	4.30105548772501	1.8228267120672
HGF	0	0	0	14.1027059331964	1.06678103267984	0
HHEX	196.124000249406	0.365038074206007	1.13994149820231	29.5830139712507	31.6922283169506	7.29130684826882
HINT2	28.3416185331512	78.5677387046697	113.994149820231	63.0114734710614	0	166.76470891567
HIP1R	232.188563398978	37.9453860194289	32.8568271969101	0.336170613309667	0.39728271055184	40.5693255456369
HIST1H1T	0.165477408114119	0	0	0.336170613309667	16.9433247685279	0
HK2	19.4531495854241	11.0902563614285	3.41982449460694	67.0662015489785	52.9769699455845	0
HK3	0.330954816228237	0	0.393466256727289	157.103295276624	36.6577727659595	0.455706678016801
HKDC1	0	34.1047596770804	13.6792979784277	0	0	0
HLA-DOA	640.520578849217	9.66022819846006	45.9995580756742	61.519222235669	0	5.37768407952976
HLA-DPA1	757.968246050595	7.01459399459491	56.9970749101156	260.20716904567	0	25.4499139218947
HLA-DPB1	471.523687738731	4.69922912033569	67.3564957536658	96.4809660198744	0	18.8267466820962
HLA-DQA1	373.397180980397	0.267258666930822	15.9591809748324	71.8774094368389	0	0
HLA-DQA2	124.4763885976	0.903750287124836	68.1779164335885	10.0494487838086	0	0.455706678016801
HLA-DQB2	46.6646290881814	0.167204004602792	11.4998895189186	23.3963729498045	0	0.496252302610684
HLA-DRA	928.162782112091	1.52687313879386	17.0991224730347	680.850155103035	4.27938369089994	2.9775138156641
HLA-DRB5	743.923623841286	4.36548916488921	123.548404612369	997.401487915139	0.450799967815679	29.0047712893573
HLX	2.97859334605413	0.468374326883094	0	63.5941680850391	214.609402949059	0
HMGB3	2.04059653438689	3.04285732040936	2.16406441200009	14.5621592769776	0.141494330109951	0
HMOX1	3.78733885733921	1.18132164038452	1.13994149820231	457.76527960702	65.8758263971949	33.7742709999788
HNMT	0	0	0	185.387489256907	0	0.455706678016801
HOMER3	0.330954816228237	1.11846869719955	0.393466256727289	24.8766253849154	2.98087371832911	0
HOOK1	42.8586487015567	73.0190714790141	18.0712549583006	0	0.0707471650549755	4.30408822512062
HOXB2	5.21485781009982	39.931385576658	13.6792979784277	4.07411504736786	0	82.8900913616373
HPCAL4	0.330954816228237	15.7622395264249	2.46426203976826	0.280041524557261	0	0
HPGD	0	6.17519608166726	19.7140963181461	0.316640570206339	0.470427484924388	3.39267486908702
HRH2	0	4.46306374709765	0.821420679922754	54.0480142395514	165.166720033007	0
HRK	11.0177130395322	0	0	0	0.0707471650549755	0
HS3ST3A1	0	9.39573007249298	15.9591809748324	0	0.643880694228691	13.246334479597
HSPA6	0.688607064970765	0	6.83964898921387	82.5153958733038	950.348200006272	32.4168557734125
HSPB1	60.3992539616533	67.5927235985677	41.510690084729	19.6029067190083	0	23.6773376419055
HYKK	0	9.35420337341302	1.64284135984551	0	0	0.911413356033602
ICAM1	2.41012472739768	0.813960516808873	1.64284135984551	102.2151564634	62.438236863154	1.3671200340504
ICOS	0	9.43293493010708	2.27988299640462	0	0	0
IFIT3	0.827387040570593	3.20065897923024	0	21.6808552223679	338.879296520274	18.3401991869696
IFNG	0	2.24562350193681	36.478127942474	0.242696140548895	0	52.8734058520905
IFNGR2	4.96432224342356	0.894809224122429	0	9.78874433547208	16.3102599947951	0.911413356033602
IGF2BP2	0	0.184255453698403	0	8.40426533274167	0.142443608711965	1.98500921044274
IGFBP3	0	1.89334482865712	8.06605826290943	0	0	0.496252302610684
IGFBP4	11.9143733842165	2.61852728490201	26.9524385858193	0.35596055957	0	1.94446358584885
IGFBP6	0	0.789744675837676	16.4284135984551	0.672341226619334	0	0
IGFBP7	0	0.257756494346713	0.821420679922754	24.9236956855963	2.10140881073769	253.918342877834
IGSF6	1.09522907263669	1.0392971228534	2.27988299640462	495.161674987785	1007.5487910032	5.67120825917103
IGSF9B	0	17.510883106368	7.39278611930478	0.313393465182143	0	0.951958980627485
IKZF2	26.2854977432805	8.81157648021244	41.0710339961377	0.633281140412678	0	78.344455783611
IKZF3	20.6846760142648	21.9523033560027	101.034743630499	0.235533955870515	0	50.747350152898
IL12RB2	0	0	3.28568271969101	0	0	24.8725703700963
IL13RA1	11.2524637517601	0	0	19.161724958651	79.1311677154036	0
IL1A	0.172151766242691	0	0	58.8087201570249	0.32025716416313	0
IL1R1	0	0.720727456048087	0	0.94213582348206	13.0707437517775	0
IL1R2	0	0	0	3.44732811700357	739.993488978679	0
IL1RN	1.09522907263669	0	0	1089.92161357686	331.86411093457	0
IL23A	30.8151661574417	68.400029755543	41.0378939352832	45.6467685028336	0	0.992504605221368
IL27RA	77.7612641572048	170.242888509586	191.391018422002	130.77036857746	0.272418998674153	299.78598764847
IL32	0	40.9354597756107	330.583034478671	0.078511318623505	6.54222368880152	39.9514363692446
IL6	36.3240226772079	0	0	13.6155445188726	0	0
IL6R	0	27.1413993163926	1.13994149820231	25.6982641449357	102.830863290988	0.455706678016801
IL7R	0	637.185745020524	352.389471686861	2.84768447656	0	3.43322049368091
IMMP1L	21.3128971369297	63.1948098458245	47.8775429244971	2.49172391699	0	64.9861892377164
IMMP2L	37.2377884696474	31.9461026488266	14.7855722386096	8.12120421216058	0	6.04582368800006
INF2	37.2377884696474	31.7855722942384	13.9641515586868	13.4419931787485	0	4.38517947430839
INSR	1.33319645849693	0.885836265728764	0	17.8634275153821	1.46508337371988	0.951958980627485
IQSEC2	0.165477408114119	0.0836020023013959	0	8.6812872612751	0	0
IRAK3	26.1670684688891	0.193694844374005	0	163.904782290261	94.8148620765767	1.44821128323817
IRF5	19.6253013516668	0.293527758850507	1.57386502690916	50.9791318032206	2.62781154315346	7.61567184501988
IRF8	771.920749469721	6.93693768079516	2.27988299640462	215.631973909091	0.224148403427476	112.219227647746
IRGQ	8.27387040570593	0.355416277042477	0.196733128363645	6.89465623400714	3.72791315567552	0
IRS1	10.4250767111895	5.18670417082415	3.28568271969101	1.34468245323867	0	0
ISM1	0	32.9262354999304	5.11506133745476	0	0	0
ITGA1	0	2.9713694903527	13.1427308787641	3.025535519787	4.00191398369591	0
ITGA2B	1.54936589618422	1.15384073314021	1.13994149820231	15.9623668997639	0	1.40766565864429
ITGAD	0	0	0	0	5.09265024259721	11.2921660862641
ITGAX	2.66639291699386	0.526591188987759	1.64284135984551	274.651391073998	1454.41867222662	69.9275762541975
ITK	0	710.713491217846	485.459621834347	3.31684725416823	0.150573066032011	208.772540937061
ITM2A	12.0475197990036	103.712989325999	71.414125596003	2.02246783790745	0	62.4740869075532
ITPR3	85.3245733438034	94.6136385966633	105.141847030112	2.49172391699	0	85.3519432597226
ITPRIPL1	1.32381926491295	4.48253791910591	79.6778059525071	0.404493567581491	0	92.4308171775379
ITSN1	0	1.31578413842182	0.786932513454579	13.7220347033058	0.218932946355135	0.911413356033602
JAG1	0.165477408114119	1.04326386531363	0	11.4817025068477	8.42965226672543	4.18245135133898
JAKMIP1	0	1.79116026680231	41.8924546760604	0	0	6.70425848898628
JAM3	73.3064917945545	6.10670827568565	2.95099692545467	1.26656228082536	0	0
JDP2	3.64050297851061	0.0836020023013959	0	214.047736719403	113.987867659998	0
JSRP1	0.496432224342356	0.172235737735353	101.034743630499	126.610959933586	49.5230997923184	106.781588328654
JUP	21.6911225465791	0	0	14.2384223828	1.12217157575684	0
KALRN	0	4.89594462130692	1.13994149820231	0.633281140412678	0	0.455706678016801
KBTBD11	3.80598038662473	36.6695579054924	16.4284135984551	39.8009700781321	15.0558700482475	0.455706678016801
KCNA3	157.712986459683	332.058387940117	280.104451853659	38.2340027522214	0	53.1475204167636
KCNE1	0	0.17257103066439	0.786932513454579	59.8383691691207	60.8805766730569	0.455706678016801
KCNE3	0	0	0	51.7099217550535	47.2081943462406	0
KCNG1	44.2430039243717	0	0	0	0	0
KCNJ15	0	0	0	3.69787674640634	25.7723529556361	0
KCNJ2	0	0	0	45.2796015395065	240.624625697541	0
KCNK13	0	0	0	10.08511839929	0	0
KCNK5	0	0.523973824821447	5.74994475945928	1.33469241659959	0.571697404864426	0.455706678016801
KCNMB1	0	0	0	10.968771281375	0	0
KCNN4	21.3468190140937	18.8927706831408	28.4985374550578	9.49921710619017	0.454965040295957	0
KCNQ5	15.6445734302995	5.29923162542196	5.74994475945928	0	0	4.42572509890227
KCTD12	4.30792601703898	13.3449339721913	1.13994149820231	694.835012280639	50.9349310110147	0
KCTD15	0	0.3390416675006	4.10710339961377	22.06955469334	0	0
KDM1A	26.8556755338598	21.6940064350775	30.7784204514624	15.9623668997639	0	30.3815961308918
KHDRBS2	76.4090035653756	0	0	2.017023679858	0	0
KIAA0408	0	4.66647940545408	2.46426203976826	0	0	0
KIAA0513	0	0	1.64284135984551	8.54929539557115	3.35457636868965	0.455706678016801
KIAA1257	0	0.903118506844062	0	0.840124573671784	17.9341614078262	0
KIAA1671	0	3.84212581094281	38.7580109388786	0.280041524557261	0	25.6623468523482
KIF19	0	0.577201555122253	11.607254573455	0.15702263724701	0	25.6120964202702
KIF21A	0	12.6149028566938	38.9531594160016	0	0	13.8642236559894
KIFC3	0.172151766242691	0.0866521992154856	1.13994149820231	0.633281140412678	2.43019471317795	38.5340659031162
KIR2DL3	0	0	0.821420679922754	0.313393465182143	0	86.5877216125073
KIR3DL1	0	0	0	0	0	22.4221496741526
KIR3DX1	0	0	0.393466256727289	0	0	22.6037417874963
KLF12	23.412640209006	60.6339158272506	39.4281926362922	2.74789615182268	0	23.2621765884826
KLF4	305.225081548292	0.594364606852041	0.196733128363645	214.791849335419	8.80353947610664	0.455706678016801
KLF8	30.2823656848837	7.67013628344976	9.03562747915029	1.53707555680967	0	7.24105641619085
KLHL3	3.80598038662473	18.9806447255615	3.41982449460694	0	0.142449711915099	6.04582368800006
KLRB1	0.22673294826521	56.777895160613	946.276623271012	3.79968684247607	0.0707471650549755	2215.75052503134
KLRC1	0	0	32.2642330516377	0	0	121.842771107492
KLRC2	0	0	3.5411963105456	0	0	34.6565699335601
KLRC3	0	0.167204004602792	72.5945243661849	0.35596055957	0	541.74467839203
KLRC4	0	0	128.963046747872	0.280041524557261	0	155.172766631595
KLRD1	0	0.338371081642526	163.011634242931	1.13258198922817	0.760105605521408	648.292044220144
KLRF1	1.13366474132605	0.278203468502594	6.83964898921387	0.280041524557261	0	402.31999020225
KLRG1	1.81386358612168	15.09371974513	212.747956099993	1.96029067190083	0	114.810694832439
KLRK1	2.2673294826521	0	71.4635991532796	0	0	135.826905242605
KMO	38.3907586824755	0	0	9.81391482793813	0	0.496252302610684
KRT23	0	0	0	0	24.5183545246132	0
KRT72	0	13.0914770809441	0	0	0	2.9775138156641
KRT86	0	0	0	0	0	5.67120825917103
KYNU	8.26328477964918	0	0	39.1741831477678	0	0
L3MBTL4	6.57137443582012	0	0	0.711921119139999	0	7.53458059583211
LAG3	0	2.18828034687322	68.659861798912	0	0	8.2741066460061
LAIR2	0	5.93525673519917	20.5189469676416	0	0	166.633367234404
LAMA5	45.3465896530419	0.0855835385198669	0	0.313393465182143	0	0.455706678016801
LAMB2	0.680198844795629	0.264807259085709	0	30.8045677012988	0	0
LAMC1	83.1493030952199	0.446012515870023	0	2.49172391699	0	0.455706678016801
LAT2	21.5396300851949	0.195206508965835	0	39.8967118459987	59.2876193171195	99.4497358557912
LAX1	3.78733885733921	34.0800361431254	64.7251992316391	0.560083049114523	0	71.4374691716553
LBH	59.9938406323617	153.026485378423	153.892102257312	1.77980279785	0	90.2836254687196
LCK	1.09522907263669	100.653320284626	114.177474509263	0	0	56.3471719703653
LDHB	13.4036700572436	135.888319860707	66.4957973869119	3.20364503613	0	22.350763232449
LDHD	0	0	0	5.38288969350776	0	0
LDLR	0.453465896530419	4.50246556447411	5.74994475945928	66.561781435314	1.42237471023979	26.4521233346002
LDLRAD3	0	0	0	35.24009539743	0	0
LDOC1	8.84258498234317	7.85234857911303	2.46426203976826	0	0	8.15246977222445
LEF1	0	382.568121597028	39.8979524370809	0.323594854065193	0	4.38517947430839
LGALS2	0	0.452963003312548	0	646.11991878118	0.50759899526761	0
LGALS3	0	0	0	32.2795269137607	0.94325996636406	0.455706678016801
LGALSL	0.661909632456474	1.03003594240489	0	2.82054118663928	26.8415021970721	0
LGR6	0.165477408114119	0	3.41982449460694	0	0	19.1202708617375
LHFPL2	11.0177130395322	0.269395988322059	0	2.24033219645809	0.995066269820649	0
LILRA1	0.496432224342356	0	0	112.090761853044	77.5496442930246	0
LILRA2	0.860758831213457	0	0	121.257980133294	219.813350464247	0
LILRA4	3.14407075416825	0	0	23.52348806281	12.9799710871576	0.455706678016801
LILRA6	0	0	0	10.3419843510107	8.10308286148504	0
LILRB2	0	0	0	125.73864452621	120.21351091059	0
LILRB3	1.09522907263669	0.45349516504085	1.13994149820231	161.397634568803	799.759882826721	0.496252302610684
LIM2	0	0	1.13994149820231	0	0	33.0752905743987
LIMD1	53.7357087388547	27.237622045787	33.6782478768329	34.4451075205431	0.0712218043559825	42.3013562010323
LIN7A	0	0	0	6.26786930364285	40.5338169122783	0
LINGO2	0	0	0	0	0	13.6614955330199
LIPE	20.4860601828803	14.5048571599405	11.4105214450914	0	2.18875947857931	10.2688206639329
LMNA	135.525997245463	8.31568553944666	10.2594734838208	12.10265902538	0	5.01277345818481
LMO2	2.66639291699386	0.0859188314489042	0	146.29978998327	48.1783054449788	0
LMTK3	0	5.67372163096295	3.28568271969101	0.336170613309667	0.322549446108066	0
LPAR3	0	3.74798623452215	30.1001686396376	0	0	0.992504605221368
LPCAT2	1.09522907263669	0.423954620162393	0	54.4621780754903	107.69676303088	0
LRFN4	7.25545434448671	1.20351284275623	12.5393564802254	13.9321850890789	0	3.84838154710382
LRG1	0	0	0	36.1253566678867	618.295877024912	0
LRP1	1.09522907263669	2.11240365443306	1.64284135984551	140.60442103015	0.0712218043559825	0
LRP3	0	0	0	36.413665573729	3.88485151877156	0
LRRC23	35.0812105201931	1.10553272219042	3.28568271969101	0.88988584867928	1.45604128684277	0
LRRC25	9.97624972366922	0	0	580.927633218239	936.082367384768	2.77478569269469
LRRC4	0.496432224342356	0.0866521992154856	0.821420679922754	13.1619516541913	189.294116301364	0.496252302610684
LRRC56	18.664750418957	5.15916822693928	6.83964898921387	0.672341226619334	0	2.35962463927177
LRRK1	23.5802266195818	0.198947833551249	0	27.4440694066116	18.1029566147427	0
LRRK2	2.94752832744772	0	0	15.356279793925	144.355621318285	0
LRRN3	0	45.7044515730592	6.88565949272756	0	0	0
LSR	5.89505665489545	17.3392717321539	12.5393564802254	0	0	0.496252302610684
LTA	9.29605087887359	20.7332909769799	12.5393564802254	0	0	3.27103799530537
LTA4H	32.880987352354	16.809584142777	4.10710339961377	28.8142918887768	29.2503255724115	0.455706678016801
LY86	35.2466879283072	1.065719563395	0	151.35419255863	0	1.48875690783205
LY9	374.144419746022	160.200974019871	237.063419678192	4.034047359716	0	114.517170652798
LY96	5.66832370663024	4.32386734353561	0	56.1404924227144	134.033714330447	0
LYN	65.0733676397373	0.338371081642526	0	27.5659902913927	118.378576746863	4.34463384971451
LYPD6B	5.33278583398771	0	0	0	0	0
LYZ	0	0.41801001150698	0	533.940839354999	57.1960442390198	0
MAF	0	17.6670090304019	81.0540488858216	7.39575349281267	0	107.723842501797
MAFB	0	0	0	282.054118663928	5.805032979151	0
MAGEE1	17.6851699646863	21.4690773338943	25.5753066872738	0.15702263724701	0	23.8800657648749
MAGEH1	42.3622164772143	92.3142391300028	89.5348541115801	10.4491388168092	0.202146472920184	95.1148068135607
MAL	0	262.846172760718	19.3790054694393	0	0	0
MAML2	2.04059653438689	2.60581296109721	19.3790054694393	0	0	15.8994832985101
MAN1C1	1.03291059745615	41.5985816983482	7.97959048741619	6.72099658937427	0	0
MANSC1	0.496432224342356	2.15135385587924	0	3.91556615527	163.228415737753	0
MAP2	6.88607064970765	0.293527758850507	0	0	0	0
MAP3K7CL	1.58713063785647	1.78534410286275	2.46426203976826	12.6656228082536	0	1.40766565864429
MAP3K9	23.806959567847	2.9189689720815	3.73792943890925	0	0	0.455706678016801
MAP4K1	176.624966698598	110.556709300355	235.967890127879	30.1483463514259	0.071702546860124	110.315309686491
MAP9	100.896161978018	6.71345307031511	7.39278611930478	0	0	5.13441033196646
MARC1	0	0	0	64.2780357518868	33.8713560251741	0
MARCH1	166.139317746575	0	0	296.15918556224	0	0
MARCH9	207.177714958876	123.389587361008	101.034743630499	13.4468245323867	0.272418998674153	53.8156600252339
MARCKS	156.658107280849	0.334186578967153	0	450.262890833414	435.016699855861	0.951958980627485
MARCO	0	0	0	98.6010750008899	0	0
MARVELD1	0	1.17618806601845	1.57386502690916	39.7658964871311	0	0
MATK	0	0	6.83964898921387	0	0	20.3657540220062
MATN1	36.2772717224335	2.1524123913441	2.27988299640462	0.549579230364535	0.620509832615485	1.40766565864429
MB21D2	0.661909632456474	39.3337283718676	13.6792979784277	9.71519742064642	0	0.496252302610684
MBLAC2	7.44648336513533	28.4896747071551	17.0991224730347	3.16640570206339	0	20.072229842365
MBNL2	14.9643745855038	10.4734862840531	8.85299077636401	17.1154674599241	0	6.62316723979851
MBNL3	21.8632743128218	4.07192831218965	13.9641515586868	18.0485125017613	0	7.53458059583211
MCCC2	39.9392097683044	28.249996664146	27.9283031173736	10.968771281375	0	19.4948862905665
MCM5	2.66639291699386	10.6393624963481	0	4.38750851255	0	2.85587694188246
ME1	0	0.182743789106574	18.8926756382233	5.06624912330142	0	0
MEF2C	86.9366419525591	0	0	61.049052353483	16.930064696183	5.37768407952976
MEFV	0	0	0	16.01822518065	68.3027630598721	0
MEOX1	0	10.1505721915139	3.34446318218196	0	0	0
MFHAS1	33.9138979498102	79.4949426327728	53.392344194979	19.9483559229993	0	67.2047673882383
MFSD2A	0.992864448684711	0.335653314500316	0	27.4440694066116	0.636768747255577	0.455706678016801
MGAM	0	0	0	0.711921119139999	317.494579564782	14.7659322045389
MGAT3	8.84258498234317	0.174657941607149	0	0.313393465182143	0.720970420242662	0
MICAL2	0	8.13962682581233	71.4635991532796	86.0596770072747	291.312429082778	32.8839936535709
MID2	2.72079537918251	47.6729210089563	43.3177769316879	0.336170613309667	0	6.70425848898628
MMAA	18.664750418957	34.9644233025927	35.6086962338197	20.1629897681228	0.071702546860124	32.8126072118672
MMD	125.100920534274	9.57726000947715	4.92852407953652	7.47517175096999	0	16.5984637240902
MME	6.0253118184942	1.35999178082885	0.821420679922754	3.16640570206339	1161.85008001477	0
MMP17	60.2375989950178	0.0855835385198669	0	31.3474164504275	0.142443608711965	0
MMP25	0	0	0.821420679922754	10.9130732886672	935.03455357583	0.496252302610684
MMP28	0	51.7409748738285	0	0.316640570206339	0	0
MMP9	0.330954816228237	0	0	4.62748727441	568.672341779914	0
MNDA	21.174667247851	0.283239119087929	2.55753066872738	2457.63155395836	12077.8055624504	0.496252302610684
MOB3B	26.3010219987643	0.927545800008251	0.821420679922754	9.08841049028214	1.84396994404723	0
MORC4	7.93565318928233	18.9058177823625	9.85704815907304	0.0808987135162982	0.071702546860124	4.75979490313743
MPEG1	140.324842080772	0.340508403033763	0	2617.37799451821	269.003322713524	0.951958980627485
MPHOSPH6	6.61909632456474	26.6504158853299	23.6079754036374	37.3713876647884	0	14.8161826366168
MPO	0	0.495498921585415	0	19.57783077635	4.69435716957505	0
MPZL2	0	1.41732202705505	1.13994149820231	23.13743637205	11.5776496912565	0
MRAS	0	0.0855835385198669	0	20.28975189549	0	0
MRPL11	13.5999895331726	25.3446763639391	16.4284135984551	28.5745021313217	0	26.5332145837879
MRPL28	0	0	5.11506133745476	0	0	0
MRPS9	9.46834714334802	16.6571379818298	17.0991224730347	3.6405398192444	0	16.264393919855
MRTO4	25.3180434414601	75.0173542655548	68.0696624138211	25.5161785526391	0.278635810563354	53.9778425236095
MRVI1	0	0	0	0.313393465182143	20.9852916092617	0
MS4A1	1526.50994497898	0.408299834440085	13.1811196003642	1.008511839929	0	1.90391796125497
MS4A4A	0	0	0	35.3300933805773	0	0
MS4A6A	0	0.9069903300817	0	739.355731431801	31.4446936387683	0
MS4A7	7.99917875098157	0	0	280.321566081819	0.324422236643407	0.455706678016801
MSC	0.827387040570593	1.43148513917547	43.3177769316879	6.76325063182999	0.309305637705728	0
MSR1	0	0	0	4.78919043603381	0	0
MT1E	0	5.86403369409941	54.717191913711	3.36170613309667	0	1.48875690783205
MTFP1	2.31668371359766	39.6180172926891	72.956255884948	3.92058134380166	0	28.9333848476536
MTMR11	0	0.9069903300817	0.393466256727289	123.498312329752	0	0.992504605221368
MTSS1	444.663003490495	30.7110632532422	32.8568271969101	94.9921710619016	0.071702546860124	63.9645702100427
MYBBP1A	32.8762774984554	47.3216446801337	46.0355520370928	12.2223451421036	0	19.7884104702078
MYBL1	2.94752832744772	16.0215339911369	130.605888107718	2.21648399144437	0.147711141999152	166.137114931793
MYC	103.616957357201	273.20350162253	112.534633149417	14.4553363723157	0	6.16746056178171
MYCL	0	0.167826657250158	0	125.29811696864	1.32263976500792	0
MYL9	0.516455298728074	0.101344579068331	0	4.07411504736786	0.221794870387994	1.40766565864429
MYO1B	10.6734095070469	1.01511324492758	0	0	0	0
MYO1C	57.3274477153679	4.55627904564219	6.29546010763663	5.64108237327857	0.689358440466432	0.992504605221368
MYO1E	83.2374095203882	0.744766887974188	2.27988299640462	22.5643294931143	0.39728271055184	10.5120944114962
MYO7A	0	0	0.393466256727289	14.1027059331964	0	0
MYO7B	12.0168462580561	0.17257103066439	0	15.4638482122447	45.4584801086013	0
MYOF	0	0	0	14.95034350194	0	0
MZB1	112.808594481579	6.17940152986968	5.69970749101156	0.560083049114523	0	5.59011700998326
N4BP3	27.3721308325879	2.20651998055421	2.27988299640462	0	0.339787687671832	0.455706678016801
N6AMT1	4.7613919135694	26.1064707092803	14.3615183705461	1.26656228082536	0	10.9272554649191
NAGA	2.19045814527337	2.85213769652035	5.31179446581841	70.2942065858072	0	7.99028727384892
NAP1L2	1.15834185679883	30.5995919800207	49.2852407953652	0.0808987135162982	0	28.5182237942307
NAP1L3	0	30.5459497019539	24.0014416603646	0	0	10.5526400360901
NBEA	3.9594906235819	3.09575014719699	0.983665641818223	0	0	0
NBL1	0.496432224342356	18.4562870759947	18.239063971237	0	0	1.90391796125497
NBPF14	3.85446012050856	4.83664943504452	0	14.8422008015349	12.8048083233747	0
NCALD	0	6.82528093391297	39.8979524370809	0.313393465182143	0	93.2919801014936
NCAM1	0	0	1.64284135984551	0	0	38.4935202785223
NCF2	0.344303532485383	1.3809484513122	0	39.7658964871311	236.666057943691	0
NCF4	55.8566827044711	2.12369724905589	6.57136543938203	96.258733342727	691.222704697432	0
NCKAP1	0	11.3386804839001	12.3213101988413	0.940180395546428	0.223667660923335	18.4618360607513
NCR1	0.516455298728074	0	6.57136543938203	1.89984342123803	14.264417529635	375.050702357603
NDC80	4.82024945479536	8.64135172836408	3.93466256727289	0	3.27345912875265	3.43322049368091
NDFIP2	0	6.51265255350939	4.72159508072747	0	0	15.4340718130092
NDUFAF1	0	4.04593684573736	5.74994475945928	4.98344783398	2.98419619343616	13.7020411576138
NDUFAF4	65.979287945176	111.093772042799	59.963709634361	33.10433204001	0	75.7609670117441
NEBL	0	0.591314409937951	0	0.235533955870515	100.85838575883	0
NECAB2	0	0	0	0.633281140412678	31.1863325993288	0
NEDD4L	20.8093523800971	7.86898269036284	3.41982449460694	13.7893124680143	0	7.1194195424092
NEIL3	0.172151766242691	0.949507352537435	6.57136543938203	28.83280532517	109.182666509006	10.0969333580733
NEK3	17.3315539604601	17.5691139097016	17.2498342783778	31.3393465182143	0.0707471650549755	14.6540001382413
NELL2	0	224.877195762953	113.35605382934	1.42384223828	0	0.992504605221368
NENF	46.6646290881814	84.2775747553464	99.9404292087315	58.3775317694799	0	69.1280949644615
NETO1	6.36961535097958	0	0	0	0	0
NFAM1	0	0	0	3.20364503613	18.7546347734803	0
NFATC2	6.34852255142587	9.74357504497856	18.0712549583006	0	0	20.2846627728185
NFE2	0	0	0	0.626786930364285	15.7042251595215	0
NID1	0	0	0	36.306426237444	0	0
NIPAL2	28.7930690118566	0.897348172786729	2.27988299640462	9.14155462734169	0	10.7959137836534
NIPSNAP1	4.38091629054675	15.4038127630748	6.57136543938203	0	1.0460820478365	3.88892717169771
NLRC4	0	0	0	8.86593596577749	4.95776360802908	0
NLRP12	0	0	0	16.37418574022	30.4637065006108	0
NLRP3	0.330954816228237	1.98346680099061	3.28568271969101	865.378678373924	26.3008058256772	0.951958980627485
NME8	0	0	4.55976599280925	25.6478861867134	21.1754766123772	74.0597771734585
NMUR1	0	0.197436168959419	23.6079754036374	0.316640570206339	0	256.11578501873
NOC3L	116.827050128568	62.7995843770632	62.4279716741293	14.2488256592852	0.141494330109951	55.7909644281926
NOD2	0	0	0.590199385090934	5.32078896658797	2.91171117774078	0
NOG	0	82.7835376749462	0	0	0	0
NPDC1	0	7.70525499763796	25.0787129604509	0.242696140548895	0	0
NPTXR	0	5.8681689672179	7.39278611930478	0.0808987135162982	0	12.871719050768
NR3C2	20.8093523800971	57.7233138951827	16.4284135984551	0.949921710619017	0	0.992504605221368
NR4A1	62.3189393798542	2.06576019212861	3.41982449460694	219.115274582786	0.600313997133009	15.2410484975238
NRG1	0	0	0	14.7915069856253	0	0
NRGN	0.172151766242691	0.361301176714788	1.13994149820231	79.3792047841099	1.48005277718273	0.496252302610684
NRP2	2.19045814527337	0.54361577035294	0	3.84705461255175	0	0
NSUN7	13.3772439476474	0	0	0.336170613309667	12.3773636712768	0
NT5DC3	5.33278583398771	1.48029982647136	0	0.633281140412678	1.57352572791446	0
OAF	0	0.632283315381184	0	12.0539083139284	0	1.86337233666109
OASL	0.330954816228237	0.535858505577793	4.55976599280925	12.45861958495	12.3574706496664	1.48875690783205
OBSCN	23.3534936713166	59.9422183983279	25.4640410776054	1.34468245323867	0	12.9122646753619
OLIG1	0	0	0	14.1027059331964	2.67277304040352	0
OLR1	0	0	0	24.3505127684057	0	0
OPHN1	0.453465896530419	0.581084533122016	0	8.96132878583236	0.303018922599363	3.88892717169771
OPLAH	0	0	0	3.36170613309667	4.00236257655512	0
OPN3	33.7573912552802	5.8727067498183	9.44319016145494	35.95201651657	0.21462689807623	11.4235077675298
OR13A1	4.30241261096708	0.278835378997661	0	0	0	0
OR52K2	0	0	0	7.05958287950301	43.2478597631555	0
ORAI2	3.99958937549078	0	0.590199385090934	5.38288969350776	86.3761037276993	0
ORM1	0	0	0	9.49986955344411	111.589017356595	0.455706678016801
OSBPL10	227.976594402975	0.252787543122659	0.786932513454579	0.313393465182143	0	0.951958980627485
OXER1	2.19045814527337	0.164776460336068	0	12.2223451421036	26.9907315155562	0
P2RX1	91.4125878748691	1.17425314304599	0	182.708390201189	262.528317068931	0.455706678016801
P2RY1	0	0.442989186686363	0	5.38288969350776	0	0.496252302610684
P2RY11	31.9967150039263	66.3802487192153	65.31539861673	16.37418574022	0	151.017703308051
P2RY12	0	0.0866521992154856	0	7.28088421646684	0.142924351216106	0.455706678016801
P2RY13	0.165477408114119	0	0	223.89919196953	1087.20051303643	0.455706678016801
PADI2	0	0	0	6.581262768825	60.8452238120108	0
PALD1	5.50885651976612	0.364020842679984	0	0.672341226619334	0	0
PALLD	0	0.665334913919782	7.97959048741619	11.2821647465571	0.142443608711965	24.7914791209085
PANX2	0	0	0	3.53300933805773	56.3303388614457	0
PAOX	24.2604254643774	8.270034051373	28.7230367410921	13.7829951456963	0	10.8867098403253
PARM1	26.8073401144872	0.0811744580346722	0	1.42384223828	0	0
PARP15	12.0475197990036	2.34310787243109	3.41982449460694	0	0	2.48126151305342
PARVB	37.329500837914	10.135862916942	15.9591809748324	94.3295482860499	0	17.428785830936
PAWR	171.765549622455	2.65434853317737	0.983665641818223	0.940180395546428	0.846274176449981	0.496252302610684
PAX5	31.5158798088641	0	0	0	0	0
PCDH1	0	0.167826657250158	2.27988299640462	0	0	70.0703491376049
PCDH9	29.0218173779468	0.338371081642526	0	0	0	0.951958980627485
PCNA	0.992864448684711	25.6843112096423	22.1783583579143	0	0	17.3476945817482
PCSK5	0	0	0	0	0	20.9333927663206
PDCD1	0	0.304033737204994	4.55976599280925	0	0	0
PDE4D	77.6404465754538	9.22160274286806	0.393466256727289	2.24033219645809	16.0600919708106	2.89642256647634
PDE6H	0	0	0	51.9290535138396	3.26669654405816	0
PDGFC	0	0.101344579068331	0	19.161724958651	0.475514750196351	0
PDGFRB	1.09522907263669	0	0	0.711921119139999	0	12.4565579973451
PDK4	8.84258498234317	0	0	137.780430082173	11.4125973572488	0.455706678016801
PEBP1	299.017676462212	468.700463448502	499.423773393034	128.804714189861	0.736726765844714	234.454297404377
PEG10	17.6851699646863	0.430055013990572	6.57136543938203	0	0	0.951958980627485
PEPD	4.53465896530419	4.65603085526448	33.0583034478671	35.4637438631099	0	50.9403734683833
PERP	0.453465896530419	2.04038318748425	20.460245349819	0.0808987135162982	0	1.44821128323817
PES1	26.6418627063731	47.795127907169	16.4284135984551	14.119165759006	0	15.3529805638214
PF4	2.04059653438689	6.31168008133624	2.46426203976826	126.022946942123	0.142443608711965	3.23049237071149
PF4V1	0	0.726070759526181	0	11.5411638376552	2.97469186393374	0.455706678016801
PFKFB2	24.2733990402195	1.73134630117465	0	11.9089516769214	21.9529130813684	4.18245135133898
PFKFB4	0	0.496216916987169	0	11.39073790624	75.3750806925966	0
PFKM	7.48218729275191	3.1815079963463	1.64284135984551	0.626786930364285	0.339787687671832	0
PGLYRP1	0	0	0	0.313393465182143	244.703892138101	0
PHACTR1	30.6664140338272	0	0	66.9205851991599	52.5526305240576	0.455706678016801
PHLDA2	0.453465896530419	0.343004739937542	0	14.4160993983786	0.310254916307743	0
PHLDB2	12.2435792063213	3.946901559785	21.05044473491	0.313393465182143	0	74.4246877948035
PHOSPHO1	0	0	0.821420679922754	0.949921710619017	214.155246468268	0
PHPT1	36.0505387741683	57.6733242846483	151.962825785709	143.208681269918	0.596568416062327	217.502354261083
PI16	0.827387040570593	21.2711932389503	28.4985374550578	0	0	1.8228267120672
PID1	0	0	0	8.46162355991785	0	0.455706678016801
PIK3AP1	57.5861380237132	0	4.92852407953652	14.7294928635607	32.2641847590785	16.9325335283253
PILRA	18.2480872217253	11.060058751876	4.10710339961377	297.93898836009	436.036497641238	0.992504605221368
PITPNM2	10.9522907263669	40.6678043752068	9.03562747915029	1.77980279785	0	88.6635268796219
PJA1	55.6004091263438	55.3875112678341	79.6778059525071	13.4468245323867	0	96.4916316550952
PKHD1L1	29.5711849611906	0	0	0.235533955870515	0	0
PKIG	8.60758831213457	0	0	0	0	1.8228267120672
PLA2G4A	0.344303532485383	0.182743789106574	0	30.3991661226678	6.0450925185191	0
PLAU	0	0.182010421339992	0	4.77302409746159	3.34613515729711	0
PLAUR	0	0.931263226647088	1.57386502690916	635.033638272879	718.59829008169	0.911413356033602
PLBD1	0.172151766242691	0	0	227.664569978358	188.222111674039	0
PLCG2	363.756682070807	1.6631708850602	27.7393710992739	60.5132951268999	317.190751522137	101.353653817046
PLD1	0	0.861151986702126	1.64284135984551	19.93379133592	11.6480942528606	6.32964306015724
PLD4	47.6574935368661	0.0836020023013959	0	21.71359413377	0	0
PLEKHA1	95.8114192980746	169.089873652521	114.177474509263	12.3218270805195	0	169.023832690785
PLEKHA5	0	1.97062575495031	14.1647852421824	2.84976513185705	0.071702546860124	5.25604720574811
PLEKHA7	0.680198844795629	1.17798135948886	5.74994475945928	0.78511318623505	0	0
PLEKHB1	0.680198844795629	5.33814893825875	4.10710339961377	0	0	0
PLEKHF1	14.6651610434662	27.2894753933265	103.73467633641	2.82640747044618	0.0707471650549755	536.316090319962
PLEKHG1	30.6664140338272	0.162348916069344	1.13994149820231	0	0	0
PLEKHG4	2.23797296115499	31.7231099310932	17.0991224730347	2.49172391699	0	11.1396883953726
PLXDC1	0	36.9769147569386	8.21420679922753	0.336170613309667	0	4.88143177691907
PLXNA1	16.4284360895503	17.9495872923963	16.4284135984551	3.20364503613	0	4.26354260052674
PLXNB2	2.41012472739768	0.343004739937542	0.196733128363645	246.663004190738	0.152445856567352	0.496252302610684
PLXND1	3.9594906235819	12.6649066727925	189.748177062156	227.45879756523	0.85716974806221	110.203377620193
PNOC	128.741423512784	0	0	7.61559790647999	0	0.496252302610684
PODN	0	0	0.196733128363645	0	0	4.22299697593286
POU2AF1	79.9917875098157	0.647709063000611	0	0.336170613309667	0	0.455706678016801
PPBP	4.53465896530419	24.8473174360299	4.10710339961377	426.514848067938	0.454965040295957	11.4332125750139
PPFIBP1	6.45361891645062	2.23633852167039	4.55976599280925	1.89984342123803	0.445466634612295	0
PPM1F	1.36039768959126	1.15130578522265	0.590199385090934	11.9089516769214	28.1573687616685	0
PPM1H	0	0.17663947782562	0	15.30630406151	5.86147522103521	0
PPP1R16B	20.0227663818083	6.48803605700754	19.6733128363645	0	0	16.4671220428244
PPP2R2B	0	0.480457949455439	7.97959048741619	0	0	13.2868801041909
PPT1	3.09873179236844	18.6658636445071	19.3790054694393	30.96856868259	31.4175922659571	0
PRDM10	7.48218729275191	3.55537241929186	0	3.91556615527	4.7594886002596	0
PRDM5	0	0.671306629000631	0.821420679922754	0	16.8521070986874	0
PRF1	0.344303532485383	36.4447565577574	1905.55708133026	9.07660655936101	0.473122512140077	12841.2975132732
PRKAR2B	0.860758831213457	2.60626199962187	1.37713189854551	39.7658964871311	0.141968969410958	1.40766565864429
PRKCA	0	46.9579044908836	4.55976599280925	3.07415111361933	0	3.39267486908702
PRKCH	0	104.822801889579	136.355832867177	4.37021797302567	9.09618604958693	117.880731099433
PRKCQ	0	125.70369516756	128.46673282146	1.09915846072907	0.0707471650549755	146.723319890414
PRMT6	53.118248004632	32.6876768326153	59.963709634361	12.2223451421036	0	73.6657521296613
PROCR	0.165477408114119	1.19255432453053	15.5419171407279	3.025535519787	0	37.7134486037545
PROK2	0	0.170254201516882	12.5393564802254	19.9483559229993	487.24437663823	0.496252302610684
PRRG4	0.165477408114119	0	0	34.52817427829	81.5365498237989	0
PRSS22	0	0.834972473517846	9.03562747915029	0	0	3.35212924449314
PRSS23	0	0.446212532240679	37.6180694406763	0.840124573671784	0	377.105371615092
PRSS35	0	0	11.4998895189186	0	0	0
PSAT1	0.344303532485383	14.0951157111486	14.3615183705461	0	0	8.7298133240229
PSMG1	4.13693520285296	34.6607234839068	43.3177769316879	23.3963729498045	0	27.3635366906338
PSTPIP2	1.33319645849693	56.1720075599862	58.0362728672752	169.859258128721	84.2355631987174	91.0945379605973
PTCH1	1.09522907263669	6.86993746489484	14.7855722386096	0	0	12.4160123727512
PTGDR	0	1.89886775787135	82.9634886721981	0.35596055957	0.272418998674153	370.85854619878
PTGDR2	0	2.6064075206443	6.29546010763663	0.949921710619017	0.331328439483044	0
PTGDS	0	3.37670366475604	18.0712549583006	1.42384223828	0	71.0011721086066
PTGER2	0	125.49747167468	404.679231861821	292.219127916686	1.58592036978722	481.081333433942
PTGES	0	0	0	9.40180395546428	3.78241481752372	0
PTGFRN	0	2.65750879718629	0	5.64108237327857	0	0.992504605221368
PTGS2	0	0	0	244.129879629087	348.240790926806	0
PTK2	31.7616431064639	3.01465974071648	0	3.08045677012988	0	0.992504605221368
PTMS	0	0.73720856501504	22.9997790378371	4.62748727441	2.93933065329937	9.26661125122746
PTPRK	12.4108056085589	1.35163073920864	0	0	0	0.455706678016801
PTPRM	0	41.9592530394066	73.1064405131251	0.47106791174103	0	24.3260676354076
PTPRO	29.248550326212	5.46143393671759	0.983665641818223	6.76325063182999	0	0
PTX3	1.33319645849693	0.761568611454832	0	195.050591247105	3.76531904403157	0.455706678016801
PXDC1	13.2381926491295	0	0	2.11980560283464	0.955890200193934	0
PXMP4	0	0.51651988781709	1.13994149820231	5.69536895311999	0	0
PXN	0	25.2957772605106	29.5099692545467	32.74837148044	133.475530433737	78.3850014082048
PYGL	0	0.602290751725925	0	276.099642825468	1189.66944334664	0
PYHIN1	6.0253118184942	68.8018756524745	260.081195696738	1.56696732591071	0	401.016278197077
QPCT	0	0.182743789106574	0.821420679922754	7.39575349281267	25.2520943847181	0
QRSL1	47.8229709449802	32.2059456351197	9.85704815907304	7.83483662955357	0	6.2080061863756
QSOX2	13.6039768959126	1.27554955060762	0	0	0	0
RAB27B	0	0.767669005283012	2.95099692545467	0	0	4.75979490313743
RAB30	5.47614536318344	0	1.13994149820231	0	0	0
RAB31	3.99958937549078	0	0	25.2037372101535	93.9837944171753	0
RAB32	1.33319645849693	1.17384101551519	0.786932513454579	385.337137790792	114.803301973251	0.951958980627485
RAB39A	3.28568721791006	0	0	21.93754256275	0.722220291415212	0
RANBP17	0	0.0866521992154856	0	5.32768890809642	4.86011588845749	4.22299697593286
RAPGEF5	23.6632693603189	0	1.18039877018187	0	0	0.455706678016801
RASGEF1B	108.605082219035	5.41532854886741	2.95099692545467	113.370344092341	0.2911162357194	8.36490270267795
RASGRF2	0.22673294826521	64.5354518764277	22.9997790378371	0.280041524557261	0	10.4715487869023
RASGRP1	15.5548763627271	112.561750618336	89.5348541115801	0.560083049114523	0.130924668564202	47.9223140281253
RASGRP3	120.850539902369	2.80362736997988	3.41982449460694	1.12016609822905	0.167811307595777	0
RASSF4	0	0	0.983665641818223	37.6072158218571	0	12.4160123727512
RBM11	10.5905541193036	37.3484771451411	4.55976599280925	0.560083049114523	1.45695391639984	0.496252302610684
RBM47	0.453465896530419	0.171502369968771	0	19.6029067190083	124.48862825033	0
RBP7	0.496432224342356	0	0	304.305054691861	230.477914145151	0
RCAN3	5.21485781009982	34.4032721741968	12.5393564802254	2.66965754603784	0.622432802632051	0
RCN1	14.057442792443	17.4325359936605	43.3177769316879	35.2852320942149	0	87.1747699717898
RCVRN	0.165477408114119	0	0.393466256727289	7.56112116304606	2.90026960628196	4.30408822512062
RDH14	139.787234189065	130.940178434823	125.393564802254	44.0089001528662	0.290154750711117	117.880731099433
RGL1	0	1.26210689746736	0.821420679922754	9.74894778598034	0	0.455706678016801
RGS18	0.516455298728074	7.11794692050215	5.74994475945928	174.246766641271	641.885335982975	4.22299697593286
RGS9	0	1.46725578889903	15.7386502690916	0	0	52.6821089312628
RIC3	106.217639771741	86.9026147166711	23.8211997177599	0.633281140412678	0	1.98500921044274
RILP	0.172151766242691	0.257819276255219	0	5.32768890809643	5.11279631183467	0
RIMKLB	5.33670475352343	2.63406473020879	2.95099692545467	0.711921119139999	0	0
RIN2	0.172151766242691	0.0811744580346722	0	82.4224813429036	0	0
RLN1	2.0658211949123	8.47250732054257	7.27912574945485	0	0	4.80034052773131
RLN2	1.03291059745615	9.95079512029806	9.1195319856185	0	0	4.88143177691907
RNASE2	0	0	0	146.668141705243	4.30680816475703	0
RNASE4	0.496432224342356	0.86065801280209	3.41982449460694	91.5735785302245	0.218932946355135	0.496252302610684
RNF157	0	83.757365867788	9.1195319856185	0.15702263724701	0	3.39267486908702
RNF217	0	0.202689158136662	0	10.6775393327967	2.78920853149058	2.44071588845954
RORA	1.09522907263669	79.5326041833132	147.855722386096	0.940180395546428	0	63.2444537748369
RP9	47.8581910154682	8.64773468707121	10.8203220600005	1.05168327571188	0	7.28160204078473
RPGRIP1	1.37721412994153	0	0	8.46162355991785	35.9341928013374	0
RPS6KL1	2.97859334605413	11.4084281786782	3.93466256727289	0.280041524557261	0	0
RRAGD	1.72151766242691	5.45644221191345	2.95099692545467	4.98344783398	18.3879660913689	0
RRP15	57.5901688593632	74.2686809099504	50.106661475288	15.1987473699043	0	31.9919899125055
RRP1B	50.305132066692	116.661706234128	129.953330795064	33.8850244714286	0.290154750711117	95.4391718103118
RRP9	17.9119029129516	42.5452096760014	56.67802691467	18.7642051510177	0	57.6234959477439
RRS1	11.5834185679883	64.6675732251034	85.4277507119664	30.9276964244894	0	50.9500782758674
RTKN	1.8936694286696	0.172230397340425	0	0.242696140548895	0	23.8800657648749
RTN1	0	0	0	138.166122070273	21.6784293548515	0
RUSC2	0	0	0	6.581262768825	0	0
S100A12	4.38091629054675	0	0	2994.15323187114	2168.38343524107	1.40766565864429
S100A8	5.47614536318344	0	0	22099.253590784	43378.6118124748	0.911413356033602
S100Z	0.453465896530419	0	0	17.731871931555	3.64000414982312	0
S1PR1	150.088009159506	734.761893270101	692.500611840029	7.83483662955357	0	408.400107496675
S1PR3	0	0	0	41.4799146970304	0	0
S1PR5	0	0.863059253356102	124.253623304052	0.633281140412678	0	1378.30526226733
SAMD3	0	34.3512241049402	219.319321539375	0	0	449.061955493642
SAMD4A	3.99958937549078	0.4603153471141	0.393466256727289	12.6656228082536	0	0
SARS2	11.0869863436459	14.4647941910013	22.7988299640462	14.4160993983786	0	23.3432678376703
SASH1	0	0.181675128410955	0	4.98344783398	0	0
SCARF1	0	0	0	3.5596055957	26.306956828609	0
SCML1	34.7502557039649	48.0047223153067	1.13994149820231	12.45861958495	1.92154298497878	0
SCN3A	35.1436069811075	0	0	0	0	0
SDC3	0.330954816228237	0	0	5.02472439190432	0	0.496252302610684
SDC4	0.165477408114119	0.789687705734349	6.49219323600027	13.88246182323	0	1.40766565864429
SDK2	9.29605087887359	1.42918087305264	0.196733128363645	0	0	0
SDR42E1	3.47502557039649	12.073114328839	8.06605826290943	0	0	11.8386688209527
SDSL	0	0	0	4.98344783398	0	0
SEC14L2	0	27.448411848328	3.28568271969101	0	0	0
SECTM1	0	0	0	1.12016609822905	12.4133474767241	0
SEMA4A	10.6564485684648	0.985865163428182	9.85704815907304	63.5156567664156	73.8632092293097	1.44821128323817
SEMA4C	0.165477408114119	15.6996335019938	25.9687729440011	1.40020762278631	0	21.2771673780398
SERPINA1	0	0.286291160438058	0	405.933211004526	1394.16127991753	0.455706678016801
SERPINB2	0	0	0	41.64738546969	0	0
SERPINF1	4.4678900190812	4.4161112377792	1.64284135984551	22.06955469334	0	2.31907901467789
SERPING1	0	0	0	1.33469241659959	13.4982719469009	0
SETBP1	107.988913138251	1.02223588403508	11.2137883167277	4.62748727441	1.42646123029998	88.6538220721378
SETD7	69.8337480656845	16.8857954086485	5.74994475945928	25.212795998225	1.03999870743015	0.455706678016801
SGMS2	0	0	0	9.08841049028214	0.630762947592606	0
SGPP2	0.165477408114119	2.41672779706804	11.4998895189186	0.560083049114523	0	0
SH2B2	29.7859334605413	1.065719563395	3.28568271969101	25.4837787347108	106.2426347217	0.496252302610684
SH2D1A	0	12.6821373344162	40.2496133162149	0	0	26.3207816533344
SH2D1B	0	0.364020842679984	0	0.840124573671784	0.817256996022458	1712.61129898412
SH2D2A	0.453465896530419	24.0760796885943	79.6778059525071	0.940180395546428	0	162.92603217605
SH2D3A	11.5633803615257	32.9230241648322	7.97959048741619	0.0808987135162982	0.847386682939442	7.03832829322143
SH3BGRL2	0.172151766242691	4.63712347595773	4.92852407953652	8.14823009473571	0	0
SH3TC1	105.740063784922	23.9338207908993	47.8775429244971	86.9661170300205	0.35142860507967	9.22606562663358
SIDT1	170.602400346507	111.308362790338	142.927198306559	5.82470737317347	0	112.11872678359
SIGLEC10	28.114885584886	0	0	41.163274126824	118.173814029256	0.496252302610684
SIGLEC5	2.81311593794001	0	0	10.32285622753	28.2527386659695	0
SIGLEC7	0	0	0	14.95034350194	11.5688406972473	61.7556968670049
SIPA1L2	0	1.06184509103716	5.74994475945928	9.38425076789059	72.3570395089931	2.35962463927177
SIRPD	0	0.596843500653746	0	11.2821647465571	27.9355750668481	0
SIT1	2.81311593794001	14.8374389024086	21.6588884658439	0	0	0
SKAP1	21.1811082386072	29.6569404744941	26.9524385858193	0.235533955870515	0	30.6654155030489
SLA2	0	14.4031814410154	27.7393710992739	0	0	39.4763200762596
SLAMF6	1.48929667302707	4.43550056236652	13.1427308787641	0	0	11.0488923387008
SLC11A1	0	0	0	335.810559806154	1130.26008657517	0
SLC12A7	4.13693520285296	21.3422370967535	16.5255827825462	28.4768447656	0	11.1299835878886
SLC15A2	28.4050414300441	2.92176037925547	0	13.4468245323867	3.75600639919983	0
SLC16A1	7.99917875098157	4.38935800490447	4.10710339961377	3.79968684247607	0	0
SLC16A10	0.172151766242691	28.5136725865933	2.27988299640462	0	0	0
SLC16A11	21.9045814527337	1.35999178082885	3.28568271969101	0.0808987135162982	0	1.44821128323817
SLC16A5	0	1.03288515867969	0	6.38724165288367	7.19226247870504	0
SLC19A1	0	1.8647291712533	0.821420679922754	5.82470737317347	62.7479112831384	0.496252302610684
SLC1A3	0	0	0	6.581262768825	0.535045902563562	0
SLC22A15	2.23797296115499	0.0866521992154856	4.10710339961377	43.6864778309328	75.1839776497217	7.07887391781531
SLC22A17	0	10.3522663974264	2.16406441200009	0	0	0.496252302610684
SLC22A23	0	7.60861635990322	0	0	0	0
SLC22A4	0	0	0	50.407474420307	206.156217250743	0
SLC24A4	0	0	0	26.9518380056643	1.62073604193048	0
SLC25A24	9.8126506758334	10.4063340738995	2.27988299640462	34.7251490451004	3.37713769949272	0
SLC25A4	7.70892024101712	7.70184528909742	22.7988299640462	0	0	24.9633664267681
SLC25A43	9.10125744627652	4.88731460471642	17.0991224730347	22.4814804846501	0	26.5332145837879
SLC26A8	0	0	0	1.26656228082536	18.3461291724824	0
SLC2A6	33.3299114624232	1.21260152128437	4.10710339961377	225.643294931143	0.150573066032011	3.31158361989926
SLC30A4	53.3670475352343	15.5785188022913	19.6733128363645	0.949921710619017	0	41.0558730407635
SLC35G2	0	0.0811744580346722	3.93466256727289	0	0	0
SLC38A11	54.8693734801807	0	0	0	0	0
SLC45A3	11.5834185679883	0.365038074206007	0	2.193754256275	0	0
SLC45A4	0	0	0.821420679922754	0.336170613309667	28.3839302807698	0
SLC46A2	0	0	0	97.5252956235524	0	0
SLC4A4	0	0.0910559393057531	14.7855722386096	0	0	20.5684821449756
SLC5A5	1.13366474132605	6.6048720585718	2.27988299640462	0.316640570206339	0	0
SLC6A12	0	0	0	5.32768890809642	4.92483893500143	0.951958980627485
SLC7A7	22.9998105253704	0.256750615559601	0	67.2268309320438	30.8150753177941	0.992504605221368
SLC8A1	0	0.286262448271588	0	297.847163392365	233.040207800633	0
SLCO3A1	0	9.26724564364602	8.21420679922753	31.6446922749705	59.0751884881549	9.56013543086873
SLITRK4	0	0	0	16.73014629979	0.0707471650549755	0
SLPI	0	0	0	1.58320285103169	274.034477762724	0
SMAD1	0	1.68981568773398	0	8.40426533274167	0	0.455706678016801
SMARCAD1	24.7898543389475	23.8402423780127	15.5419171407279	11.39073790624	0	9.06388312825805
SMIM3	0.344303532485383	13.7868496070414	26.2186544586532	71.4105887621017	29.1104941463827	31.5865336665666
SMYD5	72.4791047539839	58.5746484731544	27.1068824374509	1.94156912439116	0	7.575126220426
SNED1	7.66660350845681	14.6672963102411	4.55976599280925	4.98344783398	0	0
SNURF	19.7257664990732	56.0267434168273	13.1427308787641	2.21648399144437	0	5.71175388376491
SNX25	59.4040324454849	11.1661995646531	7.97959048741619	0	0	10.6337312852779
SOAT1	1.58713063785647	30.6157064985966	7.97959048741619	38.313508994967	27.7002238548173	0
SOCS2	0	11.527021126075	7.39278611930478	0.626786930364285	0	7.575126220426
SOCS6	1.13366474132605	7.12482714160329	3.28568271969101	38.9467901353797	0	14.3604759586
SOGA1	12.9113824682018	0.1695208337503	0.821420679922754	8.46162355991785	0.141968969410958	3.35212924449314
SORBS2	0	0	0	0	0	10.7959137836534
SOWAHC	0.344303532485383	3.36550178183889	0.983665641818223	14.2821177524203	0	0
SOX13	0	0.258259943908545	14.7855722386096	0.235533955870515	0.539210975043839	9.3979529324932
SOX5	3.28568721791006	0	0	0	0	0
SOX8	0	8.00845853895965	4.10710339961377	0	0	0
SPATA18	4.38091629054675	0	0	0	0	0
SPATA5	46.4809768855267	86.7302378229372	76.3921232328161	16.73014629979	0.0707471650549755	55.2136208763941
SPATA9	0	0	0	0	0.143405093720248	11.9197600701405
SPEG	0	7.67387257102189	1.64284135984551	0	0	0
SPHK1	0.516455298728074	0.516707213206058	1.64284135984551	34.3094462384717	0.946567348784789	8.4865395764596
SPI1	11.4179411598742	0	0	128.50176200477	288.518531983782	0.455706678016801
SPIB	65.7619747047081	0	0.393466256727289	1.42384223828	0	0.951958980627485
SPIN4	0	0	0	0	0	26.4521233346002
SPINK2	4.30792601703898	8.99334524294563	15.9591809748324	0	0	0.951958980627485
SPINT2	32.5990493984813	4.30711644974523	0.821420679922754	8.86593596577749	6.68258427502529	0
SPN	0.860758831213457	205.083266471583	510.693791194636	187.247031613484	3.05351808100461	1091.92433880752
SPON2	1.33319645849693	1.64776460336068	26.558972329092	2.18426526494005	0.709370207753783	793.482608788817
SPR	0	0.172235737735353	1.13994149820231	10.9216194577332	0	2.35962463927177
SPRY2	0	0	1.64284135984551	1.26656228082536	3.84013490552106	8.82060938069475
SRD5A3	1.98572889736942	5.64617868095258	9.1195319856185	16.01822518065	0	20.446845271194
ST14	30.6133205011119	0.0855835385198669	0	80.3447765810104	6.79333644600285	0
ST3GAL5	12.0168462580561	14.2208535279246	18.4929140661826	19.322865194451	0	15.6059591188688
ST3GAL6	0	0	0	10.0285908858286	22.1060885831483	0
ST6GALNAC1	0	9.23548561652838	0	0	0	0
ST6GALNAC2	0	0.0811744580346722	2.46426203976826	3.36170613309667	50.4125087288967	0
ST6GALNAC4	155.983985644141	15.9511199355649	22.7988299640462	11.0824199572219	0	15.7275959926504
ST6GALNAC6	9.33237520947849	2.57150956240924	3.28568271969101	0	0	6.12691493718783
ST8SIA1	0	6.45842161140174	17.2498342783778	0	0	0
STAB1	0	0.420105410416057	0	345.63770334247	0.0712218043559825	0.455706678016801
STAP1	27.3807268159172	5.29179247175098	0	0	0	3.43322049368091
STARD8	0.165477408114119	0.820007175176191	0	27.9021609047024	2.16291126072799	0
STARD9	15.2239215464989	5.64665160427616	18.0712549583006	0.35596055957	0	14.6945457628352
STEAP4	0	0	0	10.6553778161929	249.118493116611	0
STOM	0	0	0	11.761744031405	3.67911894721858	0
STRBP	67.8277958996204	8.70084107042552	5.50852759418205	0	0.325111627593843	2.40017026386565
STYK1	0	0	5.69970749101156	0	0	1.98500921044274
SULF2	0.992864448684711	0.101344579068331	0	244.18894386502	267.140040252092	0.496252302610684
SULT1A1	0	0.34514206132878	3.41982449460694	17.7168182600693	24.1237803753525	0.496252302610684
SULT1B1	0	13.2920959947913	0.393466256727289	8.54305342967999	52.2274742162004	7.65621746961376
SUN1	86.1585203407796	69.6923955579021	27.3585959568555	32.9447201043474	0.223667660923335	17.8844925089528
SUSD3	10.4250767111895	93.3858154277937	43.3177769316879	6.33281140412678	2.4758062254458	0.455706678016801
SUSD4	0	20.9363872134576	5.69970749101156	0.940180395546428	0	0
SVIL	0.680198844795629	28.1007651582752	11.4998895189186	36.9654812415585	214.34583833601	17.1044208341849
SWAP70	44.9043919781042	0.628731569343682	0	3.69787674640634	0.32025716416313	0
SYDE2	1.81386358612168	32.7554721261049	6.83964898921387	0.0808987135162982	0	0
SYK	153.06660250556	0	0	7.84116268760332	54.7032217571927	19.757569653098
SYN3	30.8151661574417	0	0	0	0	0.455706678016801
SYNPO	18.5921017577472	0	0	0	0	0
SYT17	9.76316707873299	0	0	1.88036079109286	0	0
SYTL2	0.906931793060838	40.4218847449085	154.427087825478	1.17766977935258	0.722828272527731	79.3563700038005
SYTL3	0.165477408114119	16.4521544684366	43.3177769316879	25.763820259268	28.2387334481936	174.278153501876
TAF4B	42.6257942738594	56.4111944898776	9.1195319856185	4.38750851255	0	0.496252302610684
TBC1D12	28.4759558885539	0.549297954998605	0	52.3367086854178	0	7.15996516700308
TBC1D8	0.661909632456474	1.30620759355144	0.983665641818223	71.9040330331399	5.29800812717233	0.951958980627485
TBC1D9	208.093523800971	1.17536692400582	0	223.217287237619	0	0.496252302610684
TBX21	3.85446012050856	4.70791721548401	264.466427582936	1.40020762278631	0	1363.0916017976
TBXAS1	0.688607064970765	1.4026296472022	1.64284135984551	133.019724164699	363.941490176335	38.7059532089758
TC2N	17.4584370164211	376.314010065678	326.925430609256	2.82054118663928	0.071702546860124	107.177339767109
TCEA3	0	12.3843840072929	0	0	0	0.496252302610684
TCF4	46.1366733530413	0.539080776577451	0	2.66965754603784	0.343166163729128	0.992504605221368
TCL1A	57.1367029628328	0	0	0	0	1.40766565864429
TCL1B	19.7257664990732	0	0	0	0	0
TCN1	0	0	0	0.711921119139999	20.4998189608402	0
TCN2	0	1.1921849214059	1.13994149820231	41.2184422773401	0	0.951958980627485
TCTN2	18.7645425204534	14.3132701046611	13.9641515586868	1.72724900971711	0	8.60817645024125
TESPA1	5.33278583398771	157.39834200659	55.8571334119133	0.840124573671784	0.23903311195176	42.2202649518445
TGFBI	0.22673294826521	0	1.18039877018187	22.5643294931143	0	0.911413356033602
TGFBR3	0	10.4481095173716	61.5568409029249	2.52037372101535	0	130.976314282796
TGM3	0	0	0	0	19.8700310388601	0
THBD	0	0.177708138521239	0	23.9460192008243	144.75258970839	0
THBS1	6.57137443582012	5.15854309695715	11.4998895189186	722.573781210865	0	31.789261789536
THG1L	3.28568721791006	14.4091310273413	4.10710339961377	22.8777229582964	0	12.7906278015802
TIAM1	0	94.0063433416368	17.0991224730347	79.2807392459722	0	4.26354260052674
TIAM2	0.172151766242691	0	0	0.280041524557261	19.1039864668791	0
TIGIT	0	0.304033737204994	14.7855722386096	0.242696140548895	0	6.32964306015724
TIMM13	17.6851699646863	29.2718549541666	41.0378939352832	68.7110037347755	0.213665413067948	61.2188989398003
TIMP1	0	2.40069788663376	4.52486195236383	39.1556615527	4.86004926725406	1.48875690783205
TIMP2	1.98572889736942	0.272511656108065	0	21.8510898651284	35.8324828060998	0
TJP3	1.09522907263669	13.1156973403086	6.49219323600027	0	0	0.455706678016801
TKTL1	0.165477408114119	28.4700640006741	24.0014416603647	1.25357386072857	1.29019778443226	197.225669901091
TKTL2	6.57137443582012	0	0	2.49172391699	0	0
TLR10	12.0506236369884	0.444334894956993	0	0.94213582348206	31.6161478102715	0
TLR4	0	0	0	103.858107027679	158.544404600407	0
TLR5	0	2.76303659274934	0	30.7141353100149	18.6838136823543	0
TLR7	50.5614474631417	0	0	75.677096279315	0	0
TLR8	1.09522907263669	0	0	470.090197773214	668.591599072318	0
TM4SF19	0	0	1.64284135984551	0.15702263724701	0	13.4896082271603
TM6SF1	0	0	0	3.13393465182143	4.48859899803336	5.17495595656034
TMEM123	35.9797191447225	17.8541346799818	2.27988299640462	7.11921119139999	3.20559620899231	0
TMEM171	0	0	7.39278611930478	0	0	6.82589536276793
TMEM176A	0	0	0	63.7169401630299	0	0
TMEM176B	0	0	0	144.566001053625	0	0
TMEM204	0.453465896530419	106.416160463363	86.9560427367309	0.711921119139999	0	67.5194275775053
TMEM30B	0	13.6224049075284	9.03562747915029	0	0	2.40017026386565
TMEM86A	3.62772717224335	6.97737206527805	3.41982449460694	15.1526844943365	0	7.99028727384892
TMOD2	5.47614536318344	6.56283985308692	4.10710339961377	7.2810796384888	9.46063080990233	0
TMTC2	1.81386358612168	2.70502377022876	4.10710339961377	26.0116576101178	1.26414711085763	0
TNFAIP2	0	0.435706553886192	0	951.861141970131	1013.26341214978	0.911413356033602
TNFAIP6	0	0	0	98.4752173341714	255.080519026763	0
TNFRSF10A	3.28568721791006	0	0	0	0	0
TNFRSF10C	0	0.838639312350753	0	61.7449111902361	5851.60734394989	0
TNFRSF10D	9.10125744627652	41.5352632729769	9.1195319856185	27.4440694066116	2.77959368140775	0.455706678016801
TNFRSF13C	623.935942576562	6.97452606205602	12.5393564802254	0.313393465182143	0	0.951958980627485
TNFRSF18	0.827387040570593	0	0	0	0	11.0991427707788
TNFRSF21	2.94752832744772	0.167826657250158	0	4.70638858633534	0	0
TNFRSF25	0.22673294826521	154.431678751066	81.3206473123526	2.193754256275	0	13.1652432304093
TNFRSF8	0	0	0	15.30630406151	12.6134061820755	0
TNFSF13	0	0	0	311.51310439105	17.4132181790159	0
TNFSF9	5.47614536318344	0.421973083943922	18.0712549583006	16.37418574022	0	0.951958980627485
TNIP3	0	1.34500809255493	22.9997790378371	1.26656228082536	0	1.48875690783205
TNK1	7.66660350845681	11.8386626142093	6.29546010763663	0	0	1.44821128323817
TNNC1	1.8202514892553	5.96685916154117	2.46426203976826	0	0	0
TNNI2	9.46834714334802	0	0	63.3281140412678	93.4278091010545	0
TNS3	16.7782381716255	0	0	45.91891218453	0	0
TOP1MT	6.71391888346496	11.115226114732	0	7.59937368495213	0	0
TOX	0.172151766242691	9.72875117139676	42.2976225981836	1.12016609822905	0.475514750196351	85.5449665752079
TP53I3	2.19045814527337	0	0	14.7915069856253	2.34898717389142	2.44071588845954
TPD52	90.0129804612882	7.22287980463996	7.39278611930478	0	0	11.9197600701405
TRABD2A	7.61196077324945	45.3686213131789	4.92852407953652	0	0.071702546860124	0
TRAPPC6A	45.8372420476108	87.325656353215	106.784688389958	55.1572498720571	0.35142860507967	113.45500600053
TRAT1	0	89.5439247063775	59.2769579065202	0.235533955870515	0	4.92197740151296
TREM1	0	0	0	291.17573772826	1434.80246281425	0
TRIB1	14.5109086889734	3.11417548104733	3.41982449460694	471.657165099125	673.606467129438	0.455706678016801
TRIM32	8.43934781382004	25.1098516707264	39.4281926362922	2.84768447656	0	45.3194156412902
TRIM58	2.92658002612575	0.594364606852041	0	4.70090197773214	0	0.455706678016801
TRIM7	2.41012472739768	4.12060781618465	4.10710339961377	17.4152313613486	0	0
TRMT1	16.4284360895503	20.6253454369512	10.0333895465459	4.85392281097789	0	6.12691493718783
TRPC1	3.99958937549078	9.11642524363913	2.27988299640462	0	0	0
TRPM6	0	0	0	0	13.344452886831	0
TRUB2	23.8287467684331	40.2864811225442	42.1778354334856	14.0020762278631	0	39.364388009962
TSHZ2	2.19045814527337	94.5380814812016	1.13994149820231	0	0	0
TSPAN13	133.705745756208	0.603359412421543	0.393466256727289	0.78511318623505	10.0784604554091	7.89949121717706
TSPAN18	0	8.63344481031184	2.16406441200009	0	0	0
TSPYL5	64.6185152855646	8.00126997354601	7.39278611930478	3.13393465182143	0	18.4618360607513
TSR1	50.5614474631417	46.75588723211	37.7853512764467	20.17023679858	0	35.7187345858276
TST	0	0.844907843866988	3.93466256727289	44.1884785906821	65.4703078928619	26.0369622811772
TTC16	0	11.8422949519789	60.4168994047226	0.313393465182143	0	24.6698422471268
TTC21A	57.3274477153679	5.13555850273027	4.10710339961377	14.1027059331964	7.47701706689723	0.496252302610684
TTC24	19.526334157466	7.97947719264321	23.9387714622486	0.280041524557261	0	6.37018868475113
TTN	54.661054798374	84.1025253524254	13.1427308787641	0.316640570206339	0	0.951958980627485
TUBB1	1.13366474132605	3.46958239044518	0.821420679922754	73.1725489571067	0.2958509502876	1.86337233666109
TUBB6	15.5548763627271	0.0976032544829175	0	11.4817025068477	0	0
TYROBP	0	0	0	215.912015433648	284.556428469813	73.1889094420188
UBASH3A	0	42.5762821888635	31.2139858370646	0.280041524557261	0	0.496252302610684
UBE2E2	49.063253379167	5.71732893302249	1.37713189854551	30.7415111361933	0	0
UGGT2	0.496432224342356	0	0	11.03477734667	0	0
UGT8	19.9524994473384	0	0.590199385090934	0	0	0
UPB1	4.99240122103805	3.24516731208572	2.36079754036374	14.5654662294916	10.193630630155	0
URB1	26.6418627063731	42.8085020363933	36.478127942474	7.91601425515847	0	23.2621765884826
UST	37.8943264581331	2.35624738300928	37.3792943890925	4.1163274126824	0	50.0483697273179
UTP20	49.2010497735505	57.9584425309812	47.6423994355197	10.3615364086187	0	29.0955673460291
VASH1	0	1.0392971228534	0.821420679922754	8.7750170251	0	3.31158361989926
VCAN	1.09522907263669	0	0	1707.54280425729	0	0.911413356033602
VEGFA	0.516455298728074	0	0	15.1280594275478	5.45059502571786	0
VENTX	0.172151766242691	0	0	62.3781923306488	1.01892882964163	0
VIPR1	2.6476385298259	117.026878261037	18.239063971237	73.930962483117	1.82745438999994	0
VNN1	0	0	0	94.0180395546428	79.9945893674773	0
VNN3	0.688607064970765	0.267258666930822	0.821420679922754	16.2424084243212	841.337091635904	0.496252302610684
VPREB3	199.298261525119	0	0	0	0	0.455706678016801
WDFY3	0	0.834972473517846	0	112.724042993457	398.801913594918	0
WDFY4	42.5214862619447	0.250806006904188	0	4.38750851255	4.03635292970553	0
WDR54	35.9797191447225	39.9677987216088	75.3487881632759	10.7574596259093	0	78.7596168370339
WLS	0	0	0	7.39575349281267	90.6453491331629	0
WNT3	2.19045814527337	0	0	0	0	4.30408822512062
WNT7A	0	30.9743192476441	7.97959048741619	0	0	0
XCL1	0	1.1756343089856	66.1166068957341	0.336170613309667	0	52.5895864799334
XCL2	0	1.00267393847546	5.74994475945928	0.633281140412678	0	694.451486775764
YES1	0.688607064970765	16.703212312356	25.0787129604509	0	0	121.657726204833
YPEL4	0	2.87509747507974	6.57136543938203	1.4917150538466	0	1.40766565864429
ZAP70	3.99958937549078	274.722655599081	522.093206176659	1.42384223828	0	867.623477211464
ZBTB32	2.19045814527337	1.24357226428729	4.32812882400018	0	0	0
ZBTB39	37.2377884696474	25.8298531440128	35.3210892366784	15.356279793925	0	30.5032330046734
ZBTB46	1.8936694286696	0.676742163285051	0	3.08045677012987	2.21745419156886	0
ZBTB47	0	0.510762604550645	0.821420679922754	9.80145335950415	4.81165111346063	3.84838154710382
ZC2HC1A	5.66832370663024	3.45666022075914	1.37713189854551	4.70090197773214	0	0
ZDBF2	34.6901410845771	28.2676593525692	11.4998895189186	0.35596055957	0	1.90391796125497
ZDHHC1	0	0	0.821420679922754	6.26786930364285	0	0.496252302610684
ZFYVE28	1.33319645849693	8.93987067809333	35.3210892366784	2.017023679858	0	34.7764804126842
ZFYVE9	1.20506236369884	20.5615043837347	11.3994149820231	0	0	0.911413356033602
ZG16B	0	0.329552920672136	1.13994149820231	5.06624912330142	0	0
ZMYM5	0	1.14951249175225	0	0	4.67095342058858	15.9805745476978
ZMYND19	25.6489982576884	59.2431615886835	64.3317329749118	24.0646833356818	0.21462689807623	47.2735840346232
ZNF202	23.7569437414914	47.5692141186962	22.1783583579143	8.40426533274167	0	18.7959058649864
ZNF22	137.893564760396	126.483490038339	149.332336264503	32.6139787312529	0.2958509502876	218.048856995772
ZNF287	13.7346248734718	35.3141366719981	41.8924546760604	1.34468245323867	0	28.2749500466674
ZNF354C	12.9072378329012	45.7498272705131	28.7497237972964	4.1163274126824	0	30.0069807020627
ZNF382	8.61585203407796	17.4638772513565	13.1427308787641	0	0	1.44821128323817
ZNF385A	0	0	0	18.4827406207792	1.14875684452845	0
ZNF483	35.5970728776379	84.6660038073754	52.5709235150562	0.711921119139999	0	8.77035894861678
ZNF503	0	0	0	11.8921108868958	0	0
ZNF519	11.1099144649953	24.632653966685	14.7855722386096	3.20364503613	0	11.4235077675298
ZNF532	57.6708416913016	3.10949328572867	4.32812882400018	5.32078896658797	0	1.86337233666109
ZNF594	25.3940902057035	13.7232503952712	18.296180937819	2.13576335742	0	21.7328740560566
ZNF608	4.30241261096708	0	0	0	1.14875684452845	0
ZNF667	45.6717646394967	1.55226908624017	0	0	0	0
ZNF697	0	0	0	27.8643701781578	4.20874366496209	0
ZNF703	1.33319645849693	0	0	10.1324982466028	0	0
ZNF711	14.2379779442769	1.78244136822662	1.13994149820231	0	0	0
ZNF781	2.19045814527337	3.04569051365737	6.83964898921387	0	0	7.77785434339541
ZNF827	18.7645425204534	13.9588603001179	32.0354065169874	0.35596055957	0	28.3057908637772
ZNHIT6	13.944293065658	49.1228055342821	36.1425099166012	9.61093510838999	0	31.4957376098948
ZSCAN29	3.28568721791006	1.94312718900183	4.72159508072747	1.40020762278631	0.694135349492175	0
ZSWIM5	0.22673294826521	9.89319373662147	10.2594734838208	0	0	4.30408822512062
ZXDA	106.337752736383	54.2373177919687	47.6423994355197	11.093630239219	0	34.3110689271833
ZXDB	103.616957357201	55.4757486932876	44.4577184298902	16.37418574022	0	41.9267407722032
